1.29099444874 1.41421356237
-2.500000e-02 1.280444e-02 1.783470e-02 2.476301e-02 
-2.236842e-02 5.139664e-01 5.096506e-01 5.038027e-01 
-1.973684e-02 6.613858e-01 6.611142e-01 6.590403e-01 
-1.710526e-02 6.699042e-01 6.702109e-01 6.715194e-01 
-1.447368e-02 6.657817e-01 6.656703e-01 6.656323e-01 
-1.184211e-02 6.615835e-01 6.613844e-01 6.610155e-01 
-9.210526e-03 6.584070e-01 6.581933e-01 6.577220e-01 
-6.578947e-03 6.546910e-01 6.545322e-01 6.539454e-01 
-3.947368e-03 6.348344e-01 6.347461e-01 6.322673e-01 
-1.315789e-03 5.197042e-01 5.180221e-01 5.133095e-01 
1.315789e-03 5.191781e-01 5.174659e-01 5.127785e-01 
3.947368e-03 6.350374e-01 6.349493e-01 6.324980e-01 
6.578947e-03 6.554017e-01 6.552389e-01 6.546464e-01 
9.210526e-03 6.591743e-01 6.589542e-01 6.584710e-01 
1.184211e-02 6.623500e-01 6.621435e-01 6.617618e-01 
1.447368e-02 6.665385e-01 6.664218e-01 6.663806e-01 
1.710526e-02 6.706159e-01 6.709259e-01 6.722454e-01 
1.973684e-02 6.615260e-01 6.612139e-01 6.590151e-01 
2.236842e-02 5.113606e-01 5.071197e-01 5.011326e-01 
2.500000e-02 1.280799e-02 1.785998e-02 2.465773e-02 
