-0.0248235 0.0274923249595 
-0.0240887 0.138691627598 
-0.0217653 0.437936448134 
-0.0183333 0.624124575229 
-0.015 0.682317565779 
-0.0116667 0.689442435053 
-0.00828982 0.679314682723 
-0.00522226 0.663312054557 
-0.00278753 0.65082942604 
-0.000855092 0.645214361596 
0.000855092 0.645403674104 
0.00278753 0.651333863543 
0.00522226 0.664082617054 
0.00828982 0.680306807718 
0.0116667 0.690530247539 
0.015 0.683244503259 
0.0183333 0.624156950168 
0.0217653 0.435046698211 
0.0240887 0.137494752636 
0.0248235 0.0273376124076 
