-0.0248841 0.0440482252193 
-0.024562 0.115302559929 
-0.0239892 0.227308278583 
-0.0229706 0.415693276104 
-0.0211593 0.624579151806 
-0.019 0.700013483691 
-0.017 0.716182680192 
-0.015 0.723003479496 
-0.013 0.727179038873 
-0.011 0.727194765261 
-0.00862736 0.721573733138 
-0.00610046 0.707893693908 
-0.00397561 0.671475085424 
-0.00218882 0.585250462792 
-0.000686322 0.496988720756 
0.000686322 0.502124523187 
0.00218882 0.593632416953 
0.00397561 0.678818682468 
0.00610046 0.714229049462 
0.00862736 0.727189880533 
0.011 0.732200382274 
0.013 0.731724248595 
0.015 0.727292183141 
0.017 0.720463643734 
0.019 0.703991240638 
0.0211593 0.625434214845 
0.0229706 0.407534213358 
0.0239892 0.209695696336 
0.024562 0.0928983371253 
0.0248841 0.0307544287329 
