-0.0248235 0.0705766797305 
-0.0240887 0.357961527453 
-0.0217653 0.86233018572 
-0.0183333 1.07593051057 
-0.015 1.1160925082 
-0.0116667 1.10750566479 
-0.00828982 1.09015065932 
-0.00522226 1.05876691561 
-0.00278753 1.02224383996 
-0.000855092 1.00212512797 
0.000855092 1.00237700311 
0.00278753 1.02283134051 
0.00522226 1.05974066588 
0.00828982 1.09151440959 
0.0116667 1.1090312902 
0.015 1.1175725082 
0.0183333 1.07656863543 
0.0217653 0.859930685829 
0.0240887 0.354871211139 
0.0248235 0.0701298035219 
