-0.0248235 0.0709170045936 
-0.0240887 0.359134336206 
-0.0217653 0.80553188726 
-0.0183333 1.00537948771 
-0.015 1.1056587943 
-0.0116667 1.12705560023 
-0.00828982 1.1145155766 
-0.00522226 1.09241618077 
-0.00278753 1.07545178362 
-0.000855092 1.06795677181 
0.000855092 1.06823677181 
0.00278753 1.07618115846 
0.00522226 1.09353493044 
0.00828982 1.11598495144 
0.0116667 1.12870497506 
0.015 1.10714816913 
0.0183333 1.00612823738 
0.0217653 0.803745010456 
0.0240887 0.355847459139 
0.0248235 0.0703973792983 
