-0.0248841 0.0264104915348 
-0.024562 0.0965609391907 
-0.0239892 0.210418104995 
-0.0229706 0.377066821728 
-0.0211593 0.581266398615 
-0.019 0.680902953773 
-0.017 0.717668130077 
-0.015 0.731295811593 
-0.013 0.73601587233 
-0.011 0.736017559752 
-0.00862736 0.730101935983 
-0.00610046 0.708369876121 
-0.00397561 0.670566618009 
-0.00218882 0.63287059876 
-0.000686322 0.612923397813 
0.000686322 0.615753087641 
0.00218882 0.639798853518 
0.00397561 0.67889205957 
0.00610046 0.715964565512 
0.00862736 0.736322436894 
0.011 0.741452435509 
0.013 0.74103062304 
0.015 0.736000374772 
0.017 0.721863505359 
0.019 0.683441202042 
0.0211593 0.580976017937 
0.0229706 0.375535444769 
0.0239892 0.200344806052 
0.024562 0.0941119374845 
0.0248841 0.0351097765804 
