/*--------------------------------*- C++ -*----------------------------------*\
| =========                 |                                                 |
| \\      /  F ield         | OpenFOAM: The Open Source CFD Toolbox           |
|  \\    /   O peration     | Version:  4.x                                   |
|   \\  /    A nd           | Web:      www.OpenFOAM.org                      |
|    \\/     M anipulation  |                                                 |
\*---------------------------------------------------------------------------*/
FoamFile
{
    version     2.0;
    format      ascii;
    class       labelList;
    location    "constant/polyMesh";
    object      cellProcAddressing;
}
// * * * * * * * * * * * * * * * * * * * * * * * * * * * * * * * * * * * * * //


200
(
220
221
222
223
224
225
226
227
228
229
250
251
252
253
254
255
256
257
258
259
280
281
282
283
284
285
286
287
288
289
310
311
312
313
314
315
316
317
318
319
340
341
342
343
344
345
346
347
348
349
370
371
372
373
374
375
376
377
378
379
400
401
402
403
404
405
406
407
408
409
430
431
432
433
434
435
436
437
438
439
460
461
462
463
464
465
466
467
468
469
490
491
492
493
494
495
496
497
498
499
520
521
522
523
524
525
526
527
528
529
550
551
552
553
554
555
556
557
558
559
580
581
582
583
584
585
586
587
588
589
610
611
612
613
614
615
616
617
618
619
640
641
642
643
644
645
646
647
648
649
670
671
672
673
674
675
676
677
678
679
700
701
702
703
704
705
706
707
708
709
730
731
732
733
734
735
736
737
738
739
760
761
762
763
764
765
766
767
768
769
790
791
792
793
794
795
796
797
798
799
)


// ************************************************************************* //
