/*--------------------------------*- C++ -*----------------------------------*\
| =========                 |                                                 |
| \\      /  F ield         | OpenFOAM: The Open Source CFD Toolbox           |
|  \\    /   O peration     | Version:  4.x                                   |
|   \\  /    A nd           | Web:      www.OpenFOAM.org                      |
|    \\/     M anipulation  |                                                 |
\*---------------------------------------------------------------------------*/
FoamFile
{
    version     2.0;
    format      ascii;
    class       labelList;
    location    "constant/polyMesh";
    object      pointProcAddressing;
}
// * * * * * * * * * * * * * * * * * * * * * * * * * * * * * * * * * * * * * //


462
(
501
502
503
504
505
506
507
508
509
510
511
531
532
533
534
535
536
537
538
539
540
541
561
562
563
564
565
566
567
568
569
570
571
591
592
593
594
595
596
597
598
599
600
601
621
622
623
624
625
626
627
628
629
630
631
651
652
653
654
655
656
657
658
659
660
661
681
682
683
684
685
686
687
688
689
690
691
711
712
713
714
715
716
717
718
719
720
721
741
742
743
744
745
746
747
748
749
750
751
771
772
773
774
775
776
777
778
779
780
781
801
802
803
804
805
806
807
808
809
810
811
831
832
833
834
835
836
837
838
839
840
841
861
862
863
864
865
866
867
868
869
870
871
891
892
893
894
895
896
897
898
899
900
901
921
922
923
924
925
926
927
928
929
930
931
951
952
953
954
955
956
957
958
959
960
961
981
982
983
984
985
986
987
988
989
990
991
1011
1012
1013
1014
1015
1016
1017
1018
1019
1020
1021
1041
1042
1043
1044
1045
1046
1047
1048
1049
1050
1051
1071
1072
1073
1074
1075
1076
1077
1078
1079
1080
1081
1101
1102
1103
1104
1105
1106
1107
1108
1109
1110
1111
1131
1132
1133
1134
1135
1136
1137
1138
1139
1140
1141
1161
1162
1163
1164
1165
1166
1167
1168
1169
1170
1171
1191
1192
1193
1194
1195
1196
1197
1198
1199
1200
1201
1221
1222
1223
1224
1225
1226
1227
1228
1229
1230
1231
1251
1252
1253
1254
1255
1256
1257
1258
1259
1260
1261
1281
1282
1283
1284
1285
1286
1287
1288
1289
1290
1291
1311
1312
1313
1314
1315
1316
1317
1318
1319
1320
1321
1341
1342
1343
1344
1345
1346
1347
1348
1349
1350
1351
1371
1372
1373
1374
1375
1376
1377
1378
1379
1380
1381
1401
1402
1403
1404
1405
1406
1407
1408
1409
1410
1411
1431
1432
1433
1434
1435
1436
1437
1438
1439
1440
1441
1461
1462
1463
1464
1465
1466
1467
1468
1469
1470
1471
1491
1492
1493
1494
1495
1496
1497
1498
1499
1500
1501
1521
1522
1523
1524
1525
1526
1527
1528
1529
1530
1531
1551
1552
1553
1554
1555
1556
1557
1558
1559
1560
1561
1581
1582
1583
1584
1585
1586
1587
1588
1589
1590
1591
1611
1612
1613
1614
1615
1616
1617
1618
1619
1620
1621
1641
1642
1643
1644
1645
1646
1647
1648
1649
1650
1651
1671
1672
1673
1674
1675
1676
1677
1678
1679
1680
1681
1701
1702
1703
1704
1705
1706
1707
1708
1709
1710
1711
1731
1732
1733
1734
1735
1736
1737
1738
1739
1740
1741
)


// ************************************************************************* //
