/*--------------------------------*- C++ -*----------------------------------*\
| =========                 |                                                 |
| \\      /  F ield         | OpenFOAM: The Open Source CFD Toolbox           |
|  \\    /   O peration     | Version:  4.x                                   |
|   \\  /    A nd           | Web:      www.OpenFOAM.org                      |
|    \\/     M anipulation  |                                                 |
\*---------------------------------------------------------------------------*/
FoamFile
{
    version     2.0;
    format      ascii;
    class       vectorField;
    location    "constant/polyMesh";
    object      points;
}
// * * * * * * * * * * * * * * * * * * * * * * * * * * * * * * * * * * * * * //


462
(
(0.2351106547 -0.025 -0.025)
(0.2657783782 -0.025 -0.025)
(0.3 -0.025 -0.025)
(0.3375 -0.025 -0.025)
(0.375 -0.025 -0.025)
(0.4125 -0.025 -0.025)
(0.45 -0.025 -0.025)
(0.4875 -0.025 -0.025)
(0.525 -0.025 -0.025)
(0.5625 -0.025 -0.025)
(0.6 -0.025 -0.025)
(0.2351106547 -0.021875 -0.025)
(0.2657783782 -0.021875 -0.025)
(0.3 -0.021875 -0.025)
(0.3375 -0.021875 -0.025)
(0.375 -0.021875 -0.025)
(0.4125 -0.021875 -0.025)
(0.45 -0.021875 -0.025)
(0.4875 -0.021875 -0.025)
(0.525 -0.021875 -0.025)
(0.5625 -0.021875 -0.025)
(0.6 -0.021875 -0.025)
(0.2351106547 -0.01875 -0.025)
(0.2657783782 -0.01875 -0.025)
(0.3 -0.01875 -0.025)
(0.3375 -0.01875 -0.025)
(0.375 -0.01875 -0.025)
(0.4125 -0.01875 -0.025)
(0.45 -0.01875 -0.025)
(0.4875 -0.01875 -0.025)
(0.525 -0.01875 -0.025)
(0.5625 -0.01875 -0.025)
(0.6 -0.01875 -0.025)
(0.2351106547 -0.015625 -0.025)
(0.2657783782 -0.015625 -0.025)
(0.3 -0.015625 -0.025)
(0.3375 -0.015625 -0.025)
(0.375 -0.015625 -0.025)
(0.4125 -0.015625 -0.025)
(0.45 -0.015625 -0.025)
(0.4875 -0.015625 -0.025)
(0.525 -0.015625 -0.025)
(0.5625 -0.015625 -0.025)
(0.6 -0.015625 -0.025)
(0.2351106547 -0.0125 -0.025)
(0.2657783782 -0.0125 -0.025)
(0.3 -0.0125 -0.025)
(0.3375 -0.0125 -0.025)
(0.375 -0.0125 -0.025)
(0.4125 -0.0125 -0.025)
(0.45 -0.0125 -0.025)
(0.4875 -0.0125 -0.025)
(0.525 -0.0125 -0.025)
(0.5625 -0.0125 -0.025)
(0.6 -0.0125 -0.025)
(0.2351106547 -0.009375 -0.025)
(0.2657783782 -0.009375 -0.025)
(0.3 -0.009375 -0.025)
(0.3375 -0.009375 -0.025)
(0.375 -0.009375 -0.025)
(0.4125 -0.009375 -0.025)
(0.45 -0.009375 -0.025)
(0.4875 -0.009375 -0.025)
(0.525 -0.009375 -0.025)
(0.5625 -0.009375 -0.025)
(0.6 -0.009375 -0.025)
(0.2351106547 -0.00625 -0.025)
(0.2657783782 -0.00625 -0.025)
(0.3 -0.00625 -0.025)
(0.3375 -0.00625 -0.025)
(0.375 -0.00625 -0.025)
(0.4125 -0.00625 -0.025)
(0.45 -0.00625 -0.025)
(0.4875 -0.00625 -0.025)
(0.525 -0.00625 -0.025)
(0.5625 -0.00625 -0.025)
(0.6 -0.00625 -0.025)
(0.2351106547 -0.002737979468 -0.025)
(0.2657783782 -0.002737979468 -0.025)
(0.3 -0.002737979468 -0.025)
(0.3375 -0.002737979468 -0.025)
(0.375 -0.002737979468 -0.025)
(0.4125 -0.002737979468 -0.025)
(0.45 -0.002737979468 -0.025)
(0.4875 -0.002737979468 -0.025)
(0.525 -0.002737979468 -0.025)
(0.5625 -0.002737979468 -0.025)
(0.6 -0.002737979468 -0.025)
(0.2351106547 -0.00110784394 -0.025)
(0.2657783782 -0.00110784394 -0.025)
(0.3 -0.00110784394 -0.025)
(0.3375 -0.00110784394 -0.025)
(0.375 -0.00110784394 -0.025)
(0.4125 -0.00110784394 -0.025)
(0.45 -0.00110784394 -0.025)
(0.4875 -0.00110784394 -0.025)
(0.525 -0.00110784394 -0.025)
(0.5625 -0.00110784394 -0.025)
(0.6 -0.00110784394 -0.025)
(0.2351106547 -0.0003512020532 -0.025)
(0.2657783782 -0.0003512020532 -0.025)
(0.3 -0.0003512020532 -0.025)
(0.3375 -0.0003512020532 -0.025)
(0.375 -0.0003512020532 -0.025)
(0.4125 -0.0003512020532 -0.025)
(0.45 -0.0003512020532 -0.025)
(0.4875 -0.0003512020532 -0.025)
(0.525 -0.0003512020532 -0.025)
(0.5625 -0.0003512020532 -0.025)
(0.6 -0.0003512020532 -0.025)
(0.2351106547 0 -0.025)
(0.2657783782 0 -0.025)
(0.3 0 -0.025)
(0.3375 0 -0.025)
(0.375 0 -0.025)
(0.4125 0 -0.025)
(0.45 0 -0.025)
(0.4875 0 -0.025)
(0.525 0 -0.025)
(0.5625 0 -0.025)
(0.6 0 -0.025)
(0.2351106547 -0.025 0)
(0.2657783782 -0.025 0)
(0.3 -0.025 0)
(0.3375 -0.025 0)
(0.375 -0.025 0)
(0.4125 -0.025 0)
(0.45 -0.025 0)
(0.4875 -0.025 0)
(0.525 -0.025 0)
(0.5625 -0.025 0)
(0.6 -0.025 0)
(0.2351106547 -0.021875 0)
(0.2657783782 -0.021875 0)
(0.3 -0.021875 0)
(0.3375 -0.021875 0)
(0.375 -0.021875 0)
(0.4125 -0.021875 0)
(0.45 -0.021875 0)
(0.4875 -0.021875 0)
(0.525 -0.021875 0)
(0.5625 -0.021875 0)
(0.6 -0.021875 0)
(0.2351106547 -0.01875 0)
(0.2657783782 -0.01875 0)
(0.3 -0.01875 0)
(0.3375 -0.01875 0)
(0.375 -0.01875 0)
(0.4125 -0.01875 0)
(0.45 -0.01875 0)
(0.4875 -0.01875 0)
(0.525 -0.01875 0)
(0.5625 -0.01875 0)
(0.6 -0.01875 0)
(0.2351106547 -0.015625 0)
(0.2657783782 -0.015625 0)
(0.3 -0.015625 0)
(0.3375 -0.015625 0)
(0.375 -0.015625 0)
(0.4125 -0.015625 0)
(0.45 -0.015625 0)
(0.4875 -0.015625 0)
(0.525 -0.015625 0)
(0.5625 -0.015625 0)
(0.6 -0.015625 0)
(0.2351106547 -0.0125 0)
(0.2657783782 -0.0125 0)
(0.3 -0.0125 0)
(0.3375 -0.0125 0)
(0.375 -0.0125 0)
(0.4125 -0.0125 0)
(0.45 -0.0125 0)
(0.4875 -0.0125 0)
(0.525 -0.0125 0)
(0.5625 -0.0125 0)
(0.6 -0.0125 0)
(0.2351106547 -0.009375 0)
(0.2657783782 -0.009375 0)
(0.3 -0.009375 0)
(0.3375 -0.009375 0)
(0.375 -0.009375 0)
(0.4125 -0.009375 0)
(0.45 -0.009375 0)
(0.4875 -0.009375 0)
(0.525 -0.009375 0)
(0.5625 -0.009375 0)
(0.6 -0.009375 0)
(0.2351106547 -0.00625 0)
(0.2657783782 -0.00625 0)
(0.3 -0.00625 0)
(0.3375 -0.00625 0)
(0.375 -0.00625 0)
(0.4125 -0.00625 0)
(0.45 -0.00625 0)
(0.4875 -0.00625 0)
(0.525 -0.00625 0)
(0.5625 -0.00625 0)
(0.6 -0.00625 0)
(0.2351106547 -0.002737979468 0)
(0.2657783782 -0.002737979468 0)
(0.3 -0.002737979468 0)
(0.3375 -0.002737979468 0)
(0.375 -0.002737979468 0)
(0.4125 -0.002737979468 0)
(0.45 -0.002737979468 0)
(0.4875 -0.002737979468 0)
(0.525 -0.002737979468 0)
(0.5625 -0.002737979468 0)
(0.6 -0.002737979468 0)
(0.2351106547 -0.00110784394 0)
(0.2657783782 -0.00110784394 0)
(0.3 -0.00110784394 0)
(0.3375 -0.00110784394 0)
(0.375 -0.00110784394 0)
(0.4125 -0.00110784394 0)
(0.45 -0.00110784394 0)
(0.4875 -0.00110784394 0)
(0.525 -0.00110784394 0)
(0.5625 -0.00110784394 0)
(0.6 -0.00110784394 0)
(0.2351106547 -0.0003512020532 0)
(0.2657783782 -0.0003512020532 0)
(0.3 -0.0003512020532 0)
(0.3375 -0.0003512020532 0)
(0.375 -0.0003512020532 0)
(0.4125 -0.0003512020532 0)
(0.45 -0.0003512020532 0)
(0.4875 -0.0003512020532 0)
(0.525 -0.0003512020532 0)
(0.5625 -0.0003512020532 0)
(0.6 -0.0003512020532 0)
(0.2351106547 0 0)
(0.2657783782 0 0)
(0.3 0 0)
(0.3375 0 0)
(0.375 0 0)
(0.4125 0 0)
(0.45 0 0)
(0.4875 0 0)
(0.525 0 0)
(0.5625 0 0)
(0.6 0 0)
(0.2351106547 0.0003512020532 -0.025)
(0.2657783782 0.0003512020532 -0.025)
(0.3 0.0003512020532 -0.025)
(0.3375 0.0003512020532 -0.025)
(0.375 0.0003512020532 -0.025)
(0.4125 0.0003512020532 -0.025)
(0.45 0.0003512020532 -0.025)
(0.4875 0.0003512020532 -0.025)
(0.525 0.0003512020532 -0.025)
(0.5625 0.0003512020532 -0.025)
(0.6 0.0003512020532 -0.025)
(0.2351106547 0.00110784394 -0.025)
(0.2657783782 0.00110784394 -0.025)
(0.3 0.00110784394 -0.025)
(0.3375 0.00110784394 -0.025)
(0.375 0.00110784394 -0.025)
(0.4125 0.00110784394 -0.025)
(0.45 0.00110784394 -0.025)
(0.4875 0.00110784394 -0.025)
(0.525 0.00110784394 -0.025)
(0.5625 0.00110784394 -0.025)
(0.6 0.00110784394 -0.025)
(0.2351106547 0.002737979468 -0.025)
(0.2657783782 0.002737979468 -0.025)
(0.3 0.002737979468 -0.025)
(0.3375 0.002737979468 -0.025)
(0.375 0.002737979468 -0.025)
(0.4125 0.002737979468 -0.025)
(0.45 0.002737979468 -0.025)
(0.4875 0.002737979468 -0.025)
(0.525 0.002737979468 -0.025)
(0.5625 0.002737979468 -0.025)
(0.6 0.002737979468 -0.025)
(0.2351106547 0.00625 -0.025)
(0.2657783782 0.00625 -0.025)
(0.3 0.00625 -0.025)
(0.3375 0.00625 -0.025)
(0.375 0.00625 -0.025)
(0.4125 0.00625 -0.025)
(0.45 0.00625 -0.025)
(0.4875 0.00625 -0.025)
(0.525 0.00625 -0.025)
(0.5625 0.00625 -0.025)
(0.6 0.00625 -0.025)
(0.2351106547 0.009375 -0.025)
(0.2657783782 0.009375 -0.025)
(0.3 0.009375 -0.025)
(0.3375 0.009375 -0.025)
(0.375 0.009375 -0.025)
(0.4125 0.009375 -0.025)
(0.45 0.009375 -0.025)
(0.4875 0.009375 -0.025)
(0.525 0.009375 -0.025)
(0.5625 0.009375 -0.025)
(0.6 0.009375 -0.025)
(0.2351106547 0.0125 -0.025)
(0.2657783782 0.0125 -0.025)
(0.3 0.0125 -0.025)
(0.3375 0.0125 -0.025)
(0.375 0.0125 -0.025)
(0.4125 0.0125 -0.025)
(0.45 0.0125 -0.025)
(0.4875 0.0125 -0.025)
(0.525 0.0125 -0.025)
(0.5625 0.0125 -0.025)
(0.6 0.0125 -0.025)
(0.2351106547 0.015625 -0.025)
(0.2657783782 0.015625 -0.025)
(0.3 0.015625 -0.025)
(0.3375 0.015625 -0.025)
(0.375 0.015625 -0.025)
(0.4125 0.015625 -0.025)
(0.45 0.015625 -0.025)
(0.4875 0.015625 -0.025)
(0.525 0.015625 -0.025)
(0.5625 0.015625 -0.025)
(0.6 0.015625 -0.025)
(0.2351106547 0.01875 -0.025)
(0.2657783782 0.01875 -0.025)
(0.3 0.01875 -0.025)
(0.3375 0.01875 -0.025)
(0.375 0.01875 -0.025)
(0.4125 0.01875 -0.025)
(0.45 0.01875 -0.025)
(0.4875 0.01875 -0.025)
(0.525 0.01875 -0.025)
(0.5625 0.01875 -0.025)
(0.6 0.01875 -0.025)
(0.2351106547 0.021875 -0.025)
(0.2657783782 0.021875 -0.025)
(0.3 0.021875 -0.025)
(0.3375 0.021875 -0.025)
(0.375 0.021875 -0.025)
(0.4125 0.021875 -0.025)
(0.45 0.021875 -0.025)
(0.4875 0.021875 -0.025)
(0.525 0.021875 -0.025)
(0.5625 0.021875 -0.025)
(0.6 0.021875 -0.025)
(0.2351106547 0.025 -0.025)
(0.2657783782 0.025 -0.025)
(0.3 0.025 -0.025)
(0.3375 0.025 -0.025)
(0.375 0.025 -0.025)
(0.4125 0.025 -0.025)
(0.45 0.025 -0.025)
(0.4875 0.025 -0.025)
(0.525 0.025 -0.025)
(0.5625 0.025 -0.025)
(0.6 0.025 -0.025)
(0.2351106547 0.0003512020532 0)
(0.2657783782 0.0003512020532 0)
(0.3 0.0003512020532 0)
(0.3375 0.0003512020532 0)
(0.375 0.0003512020532 0)
(0.4125 0.0003512020532 0)
(0.45 0.0003512020532 0)
(0.4875 0.0003512020532 0)
(0.525 0.0003512020532 0)
(0.5625 0.0003512020532 0)
(0.6 0.0003512020532 0)
(0.2351106547 0.00110784394 0)
(0.2657783782 0.00110784394 0)
(0.3 0.00110784394 0)
(0.3375 0.00110784394 0)
(0.375 0.00110784394 0)
(0.4125 0.00110784394 0)
(0.45 0.00110784394 0)
(0.4875 0.00110784394 0)
(0.525 0.00110784394 0)
(0.5625 0.00110784394 0)
(0.6 0.00110784394 0)
(0.2351106547 0.002737979468 0)
(0.2657783782 0.002737979468 0)
(0.3 0.002737979468 0)
(0.3375 0.002737979468 0)
(0.375 0.002737979468 0)
(0.4125 0.002737979468 0)
(0.45 0.002737979468 0)
(0.4875 0.002737979468 0)
(0.525 0.002737979468 0)
(0.5625 0.002737979468 0)
(0.6 0.002737979468 0)
(0.2351106547 0.00625 0)
(0.2657783782 0.00625 0)
(0.3 0.00625 0)
(0.3375 0.00625 0)
(0.375 0.00625 0)
(0.4125 0.00625 0)
(0.45 0.00625 0)
(0.4875 0.00625 0)
(0.525 0.00625 0)
(0.5625 0.00625 0)
(0.6 0.00625 0)
(0.2351106547 0.009375 0)
(0.2657783782 0.009375 0)
(0.3 0.009375 0)
(0.3375 0.009375 0)
(0.375 0.009375 0)
(0.4125 0.009375 0)
(0.45 0.009375 0)
(0.4875 0.009375 0)
(0.525 0.009375 0)
(0.5625 0.009375 0)
(0.6 0.009375 0)
(0.2351106547 0.0125 0)
(0.2657783782 0.0125 0)
(0.3 0.0125 0)
(0.3375 0.0125 0)
(0.375 0.0125 0)
(0.4125 0.0125 0)
(0.45 0.0125 0)
(0.4875 0.0125 0)
(0.525 0.0125 0)
(0.5625 0.0125 0)
(0.6 0.0125 0)
(0.2351106547 0.015625 0)
(0.2657783782 0.015625 0)
(0.3 0.015625 0)
(0.3375 0.015625 0)
(0.375 0.015625 0)
(0.4125 0.015625 0)
(0.45 0.015625 0)
(0.4875 0.015625 0)
(0.525 0.015625 0)
(0.5625 0.015625 0)
(0.6 0.015625 0)
(0.2351106547 0.01875 0)
(0.2657783782 0.01875 0)
(0.3 0.01875 0)
(0.3375 0.01875 0)
(0.375 0.01875 0)
(0.4125 0.01875 0)
(0.45 0.01875 0)
(0.4875 0.01875 0)
(0.525 0.01875 0)
(0.5625 0.01875 0)
(0.6 0.01875 0)
(0.2351106547 0.021875 0)
(0.2657783782 0.021875 0)
(0.3 0.021875 0)
(0.3375 0.021875 0)
(0.375 0.021875 0)
(0.4125 0.021875 0)
(0.45 0.021875 0)
(0.4875 0.021875 0)
(0.525 0.021875 0)
(0.5625 0.021875 0)
(0.6 0.021875 0)
(0.2351106547 0.025 0)
(0.2657783782 0.025 0)
(0.3 0.025 0)
(0.3375 0.025 0)
(0.375 0.025 0)
(0.4125 0.025 0)
(0.45 0.025 0)
(0.4875 0.025 0)
(0.525 0.025 0)
(0.5625 0.025 0)
(0.6 0.025 0)
)


// ************************************************************************* //
