/*--------------------------------*- C++ -*----------------------------------*\
| =========                 |                                                 |
| \\      /  F ield         | OpenFOAM: The Open Source CFD Toolbox           |
|  \\    /   O peration     | Version:  4.x                                   |
|   \\  /    A nd           | Web:      www.OpenFOAM.org                      |
|    \\/     M anipulation  |                                                 |
\*---------------------------------------------------------------------------*/
FoamFile
{
    version     2.0;
    format      ascii;
    class       labelList;
    location    "constant/polyMesh";
    object      cellProcAddressing;
}
// * * * * * * * * * * * * * * * * * * * * * * * * * * * * * * * * * * * * * //


200
(
200
201
202
203
204
205
206
207
208
209
230
231
232
233
234
235
236
237
238
239
260
261
262
263
264
265
266
267
268
269
290
291
292
293
294
295
296
297
298
299
320
321
322
323
324
325
326
327
328
329
350
351
352
353
354
355
356
357
358
359
380
381
382
383
384
385
386
387
388
389
410
411
412
413
414
415
416
417
418
419
440
441
442
443
444
445
446
447
448
449
470
471
472
473
474
475
476
477
478
479
500
501
502
503
504
505
506
507
508
509
530
531
532
533
534
535
536
537
538
539
560
561
562
563
564
565
566
567
568
569
590
591
592
593
594
595
596
597
598
599
620
621
622
623
624
625
626
627
628
629
650
651
652
653
654
655
656
657
658
659
680
681
682
683
684
685
686
687
688
689
710
711
712
713
714
715
716
717
718
719
740
741
742
743
744
745
746
747
748
749
770
771
772
773
774
775
776
777
778
779
)


// ************************************************************************* //
