/*--------------------------------*- C++ -*----------------------------------*\
| =========                 |                                                 |
| \\      /  F ield         | OpenFOAM: The Open Source CFD Toolbox           |
|  \\    /   O peration     | Version:  4.x                                   |
|   \\  /    A nd           | Web:      www.OpenFOAM.org                      |
|    \\/     M anipulation  |                                                 |
\*---------------------------------------------------------------------------*/
FoamFile
{
    version     2.0;
    format      ascii;
    class       faceList;
    location    "constant/polyMesh";
    object      faces;
}
// * * * * * * * * * * * * * * * * * * * * * * * * * * * * * * * * * * * * * //


830
(
4(42 52 162 152)
4(1 12 162 52)
4(43 53 163 153)
4(52 162 163 53)
4(44 54 164 154)
4(53 163 164 54)
4(45 55 165 155)
4(54 164 165 55)
4(46 56 166 156)
4(55 165 166 56)
4(47 57 167 157)
4(56 166 167 57)
4(48 58 168 158)
4(57 167 168 58)
4(49 59 169 159)
4(58 168 169 59)
4(50 60 170 160)
4(59 169 170 60)
4(60 170 171 61)
4(52 62 172 162)
4(2 13 172 62)
4(53 63 173 163)
4(62 172 173 63)
4(54 64 174 164)
4(63 173 174 64)
4(55 65 175 165)
4(64 174 175 65)
4(56 66 176 166)
4(65 175 176 66)
4(57 67 177 167)
4(66 176 177 67)
4(58 68 178 168)
4(67 177 178 68)
4(59 69 179 169)
4(68 178 179 69)
4(60 70 180 170)
4(69 179 180 70)
4(70 180 181 71)
4(62 72 182 172)
4(3 14 182 72)
4(63 73 183 173)
4(72 182 183 73)
4(64 74 184 174)
4(73 183 184 74)
4(65 75 185 175)
4(74 184 185 75)
4(66 76 186 176)
4(75 185 186 76)
4(67 77 187 177)
4(76 186 187 77)
4(68 78 188 178)
4(77 187 188 78)
4(69 79 189 179)
4(78 188 189 79)
4(70 80 190 180)
4(79 189 190 80)
4(80 190 191 81)
4(72 82 192 182)
4(4 15 192 82)
4(73 83 193 183)
4(82 192 193 83)
4(74 84 194 184)
4(83 193 194 84)
4(75 85 195 185)
4(84 194 195 85)
4(76 86 196 186)
4(85 195 196 86)
4(77 87 197 187)
4(86 196 197 87)
4(78 88 198 188)
4(87 197 198 88)
4(79 89 199 189)
4(88 198 199 89)
4(80 90 200 190)
4(89 199 200 90)
4(90 200 201 91)
4(82 92 202 192)
4(5 16 202 92)
4(83 93 203 193)
4(92 202 203 93)
4(84 94 204 194)
4(93 203 204 94)
4(85 95 205 195)
4(94 204 205 95)
4(86 96 206 196)
4(95 205 206 96)
4(87 97 207 197)
4(96 206 207 97)
4(88 98 208 198)
4(97 207 208 98)
4(89 99 209 199)
4(98 208 209 99)
4(90 100 210 200)
4(99 209 210 100)
4(100 210 211 101)
4(92 102 212 202)
4(6 17 212 102)
4(93 103 213 203)
4(102 212 213 103)
4(94 104 214 204)
4(103 213 214 104)
4(95 105 215 205)
4(104 214 215 105)
4(96 106 216 206)
4(105 215 216 106)
4(97 107 217 207)
4(106 216 217 107)
4(98 108 218 208)
4(107 217 218 108)
4(99 109 219 209)
4(108 218 219 109)
4(100 110 220 210)
4(109 219 220 110)
4(110 220 221 111)
4(102 112 222 212)
4(7 18 222 112)
4(103 113 223 213)
4(112 222 223 113)
4(104 114 224 214)
4(113 223 224 114)
4(105 115 225 215)
4(114 224 225 115)
4(106 116 226 216)
4(115 225 226 116)
4(107 117 227 217)
4(116 226 227 117)
4(108 118 228 218)
4(117 227 228 118)
4(109 119 229 219)
4(118 228 229 119)
4(110 120 230 220)
4(119 229 230 120)
4(120 230 231 121)
4(112 122 232 222)
4(8 19 232 122)
4(113 123 233 223)
4(122 232 233 123)
4(114 124 234 224)
4(123 233 234 124)
4(115 125 235 225)
4(124 234 235 125)
4(116 126 236 226)
4(125 235 236 126)
4(117 127 237 227)
4(126 236 237 127)
4(118 128 238 228)
4(127 237 238 128)
4(119 129 239 229)
4(128 238 239 129)
4(120 130 240 230)
4(129 239 240 130)
4(130 240 241 131)
4(122 132 242 232)
4(9 20 242 132)
4(123 133 243 233)
4(132 242 243 133)
4(124 134 244 234)
4(133 243 244 134)
4(125 135 245 235)
4(134 244 245 135)
4(126 136 246 236)
4(135 245 246 136)
4(127 137 247 237)
4(136 246 247 137)
4(128 138 248 238)
4(137 247 248 138)
4(129 139 249 239)
4(138 248 249 139)
4(130 140 250 240)
4(139 249 250 140)
4(140 250 251 141)
4(132 142 252 242)
4(10 21 252 142)
4(133 143 253 243)
4(142 252 253 143)
4(134 144 254 244)
4(143 253 254 144)
4(135 145 255 245)
4(144 254 255 145)
4(136 146 256 246)
4(145 255 256 146)
4(137 147 257 247)
4(146 256 257 147)
4(138 148 258 248)
4(147 257 258 148)
4(139 149 259 249)
4(148 258 259 149)
4(140 150 260 250)
4(149 259 260 150)
4(150 260 261 151)
4(142 262 362 252)
4(22 32 362 262)
4(143 263 363 253)
4(262 362 363 263)
4(144 264 364 254)
4(263 363 364 264)
4(145 265 365 255)
4(264 364 365 265)
4(146 266 366 256)
4(265 365 366 266)
4(147 267 367 257)
4(266 366 367 267)
4(148 268 368 258)
4(267 367 368 268)
4(149 269 369 259)
4(268 368 369 269)
4(150 270 370 260)
4(269 369 370 270)
4(270 370 371 271)
4(262 272 372 362)
4(23 33 372 272)
4(263 273 373 363)
4(272 372 373 273)
4(264 274 374 364)
4(273 373 374 274)
4(265 275 375 365)
4(274 374 375 275)
4(266 276 376 366)
4(275 375 376 276)
4(267 277 377 367)
4(276 376 377 277)
4(268 278 378 368)
4(277 377 378 278)
4(269 279 379 369)
4(278 378 379 279)
4(270 280 380 370)
4(279 379 380 280)
4(280 380 381 281)
4(272 282 382 372)
4(24 34 382 282)
4(273 283 383 373)
4(282 382 383 283)
4(274 284 384 374)
4(283 383 384 284)
4(275 285 385 375)
4(284 384 385 285)
4(276 286 386 376)
4(285 385 386 286)
4(277 287 387 377)
4(286 386 387 287)
4(278 288 388 378)
4(287 387 388 288)
4(279 289 389 379)
4(288 388 389 289)
4(280 290 390 380)
4(289 389 390 290)
4(290 390 391 291)
4(282 292 392 382)
4(25 35 392 292)
4(283 293 393 383)
4(292 392 393 293)
4(284 294 394 384)
4(293 393 394 294)
4(285 295 395 385)
4(294 394 395 295)
4(286 296 396 386)
4(295 395 396 296)
4(287 297 397 387)
4(296 396 397 297)
4(288 298 398 388)
4(297 397 398 298)
4(289 299 399 389)
4(298 398 399 299)
4(290 300 400 390)
4(299 399 400 300)
4(300 400 401 301)
4(292 302 402 392)
4(26 36 402 302)
4(293 303 403 393)
4(302 402 403 303)
4(294 304 404 394)
4(303 403 404 304)
4(295 305 405 395)
4(304 404 405 305)
4(296 306 406 396)
4(305 405 406 306)
4(297 307 407 397)
4(306 406 407 307)
4(298 308 408 398)
4(307 407 408 308)
4(299 309 409 399)
4(308 408 409 309)
4(300 310 410 400)
4(309 409 410 310)
4(310 410 411 311)
4(302 312 412 402)
4(27 37 412 312)
4(303 313 413 403)
4(312 412 413 313)
4(304 314 414 404)
4(313 413 414 314)
4(305 315 415 405)
4(314 414 415 315)
4(306 316 416 406)
4(315 415 416 316)
4(307 317 417 407)
4(316 416 417 317)
4(308 318 418 408)
4(317 417 418 318)
4(309 319 419 409)
4(318 418 419 319)
4(310 320 420 410)
4(319 419 420 320)
4(320 420 421 321)
4(312 322 422 412)
4(28 38 422 322)
4(313 323 423 413)
4(322 422 423 323)
4(314 324 424 414)
4(323 423 424 324)
4(315 325 425 415)
4(324 424 425 325)
4(316 326 426 416)
4(325 425 426 326)
4(317 327 427 417)
4(326 426 427 327)
4(318 328 428 418)
4(327 427 428 328)
4(319 329 429 419)
4(328 428 429 329)
4(320 330 430 420)
4(329 429 430 330)
4(330 430 431 331)
4(322 332 432 422)
4(29 39 432 332)
4(323 333 433 423)
4(332 432 433 333)
4(324 334 434 424)
4(333 433 434 334)
4(325 335 435 425)
4(334 434 435 335)
4(326 336 436 426)
4(335 435 436 336)
4(327 337 437 427)
4(336 436 437 337)
4(328 338 438 428)
4(337 437 438 338)
4(329 339 439 429)
4(338 438 439 339)
4(330 340 440 430)
4(339 439 440 340)
4(340 440 441 341)
4(332 342 442 432)
4(30 40 442 342)
4(333 343 443 433)
4(342 442 443 343)
4(334 344 444 434)
4(343 443 444 344)
4(335 345 445 435)
4(344 444 445 345)
4(336 346 446 436)
4(345 445 446 346)
4(337 347 447 437)
4(346 446 447 347)
4(338 348 448 438)
4(347 447 448 348)
4(339 349 449 439)
4(348 448 449 349)
4(340 350 450 440)
4(349 449 450 350)
4(350 450 451 351)
4(342 352 452 442)
4(343 353 453 443)
4(344 354 454 444)
4(345 355 455 445)
4(346 356 456 446)
4(347 357 457 447)
4(348 358 458 448)
4(349 359 459 449)
4(350 360 460 450)
4(0 42 152 11)
4(42 43 153 152)
4(43 44 154 153)
4(44 45 155 154)
4(45 46 156 155)
4(46 47 157 156)
4(47 48 158 157)
4(48 49 159 158)
4(49 50 160 159)
4(50 51 161 160)
4(31 41 452 352)
4(352 452 453 353)
4(353 453 454 354)
4(354 454 455 355)
4(355 455 456 356)
4(356 456 457 357)
4(357 457 458 358)
4(358 458 459 359)
4(359 459 460 360)
4(360 460 461 361)
4(0 1 52 42)
4(1 2 62 52)
4(2 3 72 62)
4(3 4 82 72)
4(4 5 92 82)
4(5 6 102 92)
4(6 7 112 102)
4(7 8 122 112)
4(8 9 132 122)
4(9 10 142 132)
4(42 52 53 43)
4(52 62 63 53)
4(62 72 73 63)
4(72 82 83 73)
4(82 92 93 83)
4(92 102 103 93)
4(102 112 113 103)
4(112 122 123 113)
4(122 132 133 123)
4(132 142 143 133)
4(43 53 54 44)
4(53 63 64 54)
4(63 73 74 64)
4(73 83 84 74)
4(83 93 94 84)
4(93 103 104 94)
4(103 113 114 104)
4(113 123 124 114)
4(123 133 134 124)
4(133 143 144 134)
4(44 54 55 45)
4(54 64 65 55)
4(64 74 75 65)
4(74 84 85 75)
4(84 94 95 85)
4(94 104 105 95)
4(104 114 115 105)
4(114 124 125 115)
4(124 134 135 125)
4(134 144 145 135)
4(45 55 56 46)
4(55 65 66 56)
4(65 75 76 66)
4(75 85 86 76)
4(85 95 96 86)
4(95 105 106 96)
4(105 115 116 106)
4(115 125 126 116)
4(125 135 136 126)
4(135 145 146 136)
4(46 56 57 47)
4(56 66 67 57)
4(66 76 77 67)
4(76 86 87 77)
4(86 96 97 87)
4(96 106 107 97)
4(106 116 117 107)
4(116 126 127 117)
4(126 136 137 127)
4(136 146 147 137)
4(47 57 58 48)
4(57 67 68 58)
4(67 77 78 68)
4(77 87 88 78)
4(87 97 98 88)
4(97 107 108 98)
4(107 117 118 108)
4(117 127 128 118)
4(127 137 138 128)
4(137 147 148 138)
4(48 58 59 49)
4(58 68 69 59)
4(68 78 79 69)
4(78 88 89 79)
4(88 98 99 89)
4(98 108 109 99)
4(108 118 119 109)
4(118 128 129 119)
4(128 138 139 129)
4(138 148 149 139)
4(49 59 60 50)
4(59 69 70 60)
4(69 79 80 70)
4(79 89 90 80)
4(89 99 100 90)
4(99 109 110 100)
4(109 119 120 110)
4(119 129 130 120)
4(129 139 140 130)
4(139 149 150 140)
4(50 60 61 51)
4(60 70 71 61)
4(70 80 81 71)
4(80 90 91 81)
4(90 100 101 91)
4(100 110 111 101)
4(110 120 121 111)
4(120 130 131 121)
4(130 140 141 131)
4(140 150 151 141)
4(10 22 262 142)
4(22 23 272 262)
4(23 24 282 272)
4(24 25 292 282)
4(25 26 302 292)
4(26 27 312 302)
4(27 28 322 312)
4(28 29 332 322)
4(29 30 342 332)
4(30 31 352 342)
4(142 262 263 143)
4(262 272 273 263)
4(272 282 283 273)
4(282 292 293 283)
4(292 302 303 293)
4(302 312 313 303)
4(312 322 323 313)
4(322 332 333 323)
4(332 342 343 333)
4(342 352 353 343)
4(143 263 264 144)
4(263 273 274 264)
4(273 283 284 274)
4(283 293 294 284)
4(293 303 304 294)
4(303 313 314 304)
4(313 323 324 314)
4(323 333 334 324)
4(333 343 344 334)
4(343 353 354 344)
4(144 264 265 145)
4(264 274 275 265)
4(274 284 285 275)
4(284 294 295 285)
4(294 304 305 295)
4(304 314 315 305)
4(314 324 325 315)
4(324 334 335 325)
4(334 344 345 335)
4(344 354 355 345)
4(145 265 266 146)
4(265 275 276 266)
4(275 285 286 276)
4(285 295 296 286)
4(295 305 306 296)
4(305 315 316 306)
4(315 325 326 316)
4(325 335 336 326)
4(335 345 346 336)
4(345 355 356 346)
4(146 266 267 147)
4(266 276 277 267)
4(276 286 287 277)
4(286 296 297 287)
4(296 306 307 297)
4(306 316 317 307)
4(316 326 327 317)
4(326 336 337 327)
4(336 346 347 337)
4(346 356 357 347)
4(147 267 268 148)
4(267 277 278 268)
4(277 287 288 278)
4(287 297 298 288)
4(297 307 308 298)
4(307 317 318 308)
4(317 327 328 318)
4(327 337 338 328)
4(337 347 348 338)
4(347 357 358 348)
4(148 268 269 149)
4(268 278 279 269)
4(278 288 289 279)
4(288 298 299 289)
4(298 308 309 299)
4(308 318 319 309)
4(318 328 329 319)
4(328 338 339 329)
4(338 348 349 339)
4(348 358 359 349)
4(149 269 270 150)
4(269 279 280 270)
4(279 289 290 280)
4(289 299 300 290)
4(299 309 310 300)
4(309 319 320 310)
4(319 329 330 320)
4(329 339 340 330)
4(339 349 350 340)
4(349 359 360 350)
4(150 270 271 151)
4(270 280 281 271)
4(280 290 291 281)
4(290 300 301 291)
4(300 310 311 301)
4(310 320 321 311)
4(320 330 331 321)
4(330 340 341 331)
4(340 350 351 341)
4(350 360 361 351)
4(11 152 162 12)
4(12 162 172 13)
4(13 172 182 14)
4(14 182 192 15)
4(15 192 202 16)
4(16 202 212 17)
4(17 212 222 18)
4(18 222 232 19)
4(19 232 242 20)
4(20 242 252 21)
4(152 153 163 162)
4(162 163 173 172)
4(172 173 183 182)
4(182 183 193 192)
4(192 193 203 202)
4(202 203 213 212)
4(212 213 223 222)
4(222 223 233 232)
4(232 233 243 242)
4(242 243 253 252)
4(153 154 164 163)
4(163 164 174 173)
4(173 174 184 183)
4(183 184 194 193)
4(193 194 204 203)
4(203 204 214 213)
4(213 214 224 223)
4(223 224 234 233)
4(233 234 244 243)
4(243 244 254 253)
4(154 155 165 164)
4(164 165 175 174)
4(174 175 185 184)
4(184 185 195 194)
4(194 195 205 204)
4(204 205 215 214)
4(214 215 225 224)
4(224 225 235 234)
4(234 235 245 244)
4(244 245 255 254)
4(155 156 166 165)
4(165 166 176 175)
4(175 176 186 185)
4(185 186 196 195)
4(195 196 206 205)
4(205 206 216 215)
4(215 216 226 225)
4(225 226 236 235)
4(235 236 246 245)
4(245 246 256 255)
4(156 157 167 166)
4(166 167 177 176)
4(176 177 187 186)
4(186 187 197 196)
4(196 197 207 206)
4(206 207 217 216)
4(216 217 227 226)
4(226 227 237 236)
4(236 237 247 246)
4(246 247 257 256)
4(157 158 168 167)
4(167 168 178 177)
4(177 178 188 187)
4(187 188 198 197)
4(197 198 208 207)
4(207 208 218 217)
4(217 218 228 227)
4(227 228 238 237)
4(237 238 248 247)
4(247 248 258 257)
4(158 159 169 168)
4(168 169 179 178)
4(178 179 189 188)
4(188 189 199 198)
4(198 199 209 208)
4(208 209 219 218)
4(218 219 229 228)
4(228 229 239 238)
4(238 239 249 248)
4(248 249 259 258)
4(159 160 170 169)
4(169 170 180 179)
4(179 180 190 189)
4(189 190 200 199)
4(199 200 210 209)
4(209 210 220 219)
4(219 220 230 229)
4(229 230 240 239)
4(239 240 250 249)
4(249 250 260 259)
4(160 161 171 170)
4(170 171 181 180)
4(180 181 191 190)
4(190 191 201 200)
4(200 201 211 210)
4(210 211 221 220)
4(220 221 231 230)
4(230 231 241 240)
4(240 241 251 250)
4(250 251 261 260)
4(21 252 362 32)
4(32 362 372 33)
4(33 372 382 34)
4(34 382 392 35)
4(35 392 402 36)
4(36 402 412 37)
4(37 412 422 38)
4(38 422 432 39)
4(39 432 442 40)
4(40 442 452 41)
4(252 253 363 362)
4(362 363 373 372)
4(372 373 383 382)
4(382 383 393 392)
4(392 393 403 402)
4(402 403 413 412)
4(412 413 423 422)
4(422 423 433 432)
4(432 433 443 442)
4(442 443 453 452)
4(253 254 364 363)
4(363 364 374 373)
4(373 374 384 383)
4(383 384 394 393)
4(393 394 404 403)
4(403 404 414 413)
4(413 414 424 423)
4(423 424 434 433)
4(433 434 444 443)
4(443 444 454 453)
4(254 255 365 364)
4(364 365 375 374)
4(374 375 385 384)
4(384 385 395 394)
4(394 395 405 404)
4(404 405 415 414)
4(414 415 425 424)
4(424 425 435 434)
4(434 435 445 444)
4(444 445 455 454)
4(255 256 366 365)
4(365 366 376 375)
4(375 376 386 385)
4(385 386 396 395)
4(395 396 406 405)
4(405 406 416 415)
4(415 416 426 425)
4(425 426 436 435)
4(435 436 446 445)
4(445 446 456 455)
4(256 257 367 366)
4(366 367 377 376)
4(376 377 387 386)
4(386 387 397 396)
4(396 397 407 406)
4(406 407 417 416)
4(416 417 427 426)
4(426 427 437 436)
4(436 437 447 446)
4(446 447 457 456)
4(257 258 368 367)
4(367 368 378 377)
4(377 378 388 387)
4(387 388 398 397)
4(397 398 408 407)
4(407 408 418 417)
4(417 418 428 427)
4(427 428 438 437)
4(437 438 448 447)
4(447 448 458 457)
4(258 259 369 368)
4(368 369 379 378)
4(378 379 389 388)
4(388 389 399 398)
4(398 399 409 408)
4(408 409 419 418)
4(418 419 429 428)
4(428 429 439 438)
4(438 439 449 448)
4(448 449 459 458)
4(259 260 370 369)
4(369 370 380 379)
4(379 380 390 389)
4(389 390 400 399)
4(399 400 410 409)
4(409 410 420 419)
4(419 420 430 429)
4(429 430 440 439)
4(439 440 450 449)
4(449 450 460 459)
4(260 261 371 370)
4(370 371 381 380)
4(380 381 391 390)
4(390 391 401 400)
4(400 401 411 410)
4(410 411 421 420)
4(420 421 431 430)
4(430 431 441 440)
4(440 441 451 450)
4(450 451 461 460)
4(0 11 12 1)
4(1 12 13 2)
4(2 13 14 3)
4(3 14 15 4)
4(4 15 16 5)
4(5 16 17 6)
4(6 17 18 7)
4(7 18 19 8)
4(8 19 20 9)
4(9 20 21 10)
4(10 21 32 22)
4(22 32 33 23)
4(23 33 34 24)
4(24 34 35 25)
4(25 35 36 26)
4(26 36 37 27)
4(27 37 38 28)
4(28 38 39 29)
4(29 39 40 30)
4(30 40 41 31)
4(51 61 171 161)
4(61 71 181 171)
4(71 81 191 181)
4(81 91 201 191)
4(91 101 211 201)
4(101 111 221 211)
4(111 121 231 221)
4(121 131 241 231)
4(131 141 251 241)
4(141 151 261 251)
4(151 271 371 261)
4(271 281 381 371)
4(281 291 391 381)
4(291 301 401 391)
4(301 311 411 401)
4(311 321 421 411)
4(321 331 431 421)
4(331 341 441 431)
4(341 351 451 441)
4(351 361 461 451)
)


// ************************************************************************* //
