/*--------------------------------*- C++ -*----------------------------------*\
| =========                 |                                                 |
| \\      /  F ield         | OpenFOAM: The Open Source CFD Toolbox           |
|  \\    /   O peration     | Version:  4.x                                   |
|   \\  /    A nd           | Web:      www.OpenFOAM.org                      |
|    \\/     M anipulation  |                                                 |
\*---------------------------------------------------------------------------*/
FoamFile
{
    version     2.0;
    format      ascii;
    class       vectorField;
    location    "constant/polyMesh";
    object      points;
}
// * * * * * * * * * * * * * * * * * * * * * * * * * * * * * * * * * * * * * //


462
(
(0 -0.025 -0.025)
(0 -0.021875 -0.025)
(0 -0.01875 -0.025)
(0 -0.015625 -0.025)
(0 -0.0125 -0.025)
(0 -0.009375 -0.025)
(0 -0.00625 -0.025)
(0 -0.002737979468 -0.025)
(0 -0.00110784394 -0.025)
(0 -0.0003512020532 -0.025)
(0 0 -0.025)
(0 -0.025 0)
(0 -0.021875 0)
(0 -0.01875 0)
(0 -0.015625 0)
(0 -0.0125 0)
(0 -0.009375 0)
(0 -0.00625 0)
(0 -0.002737979468 0)
(0 -0.00110784394 0)
(0 -0.0003512020532 0)
(0 0 0)
(0 0.0003512020532 -0.025)
(0 0.00110784394 -0.025)
(0 0.002737979468 -0.025)
(0 0.00625 -0.025)
(0 0.009375 -0.025)
(0 0.0125 -0.025)
(0 0.015625 -0.025)
(0 0.01875 -0.025)
(0 0.021875 -0.025)
(0 0.025 -0.025)
(0 0.0003512020532 0)
(0 0.00110784394 0)
(0 0.002737979468 0)
(0 0.00625 0)
(0 0.009375 0)
(0 0.0125 0)
(0 0.015625 0)
(0 0.01875 0)
(0 0.021875 0)
(0 0.025 0)
(0.003422162177 -0.025 -0.025)
(0.00724089817 -0.025 -0.025)
(0.01150216454 -0.025 -0.025)
(0.01625724346 -0.025 -0.025)
(0.02156335992 -0.025 -0.025)
(0.02748437033 -0.025 -0.025)
(0.03409153108 -0.025 -0.025)
(0.04146435599 -0.025 -0.025)
(0.04969157328 -0.025 -0.025)
(0.05887219336 -0.025 -0.025)
(0.003422162177 -0.021875 -0.025)
(0.00724089817 -0.021875 -0.025)
(0.01150216454 -0.021875 -0.025)
(0.01625724346 -0.021875 -0.025)
(0.02156335992 -0.021875 -0.025)
(0.02748437033 -0.021875 -0.025)
(0.03409153108 -0.021875 -0.025)
(0.04146435599 -0.021875 -0.025)
(0.04969157328 -0.021875 -0.025)
(0.05887219336 -0.021875 -0.025)
(0.003422162177 -0.01875 -0.025)
(0.00724089817 -0.01875 -0.025)
(0.01150216454 -0.01875 -0.025)
(0.01625724346 -0.01875 -0.025)
(0.02156335992 -0.01875 -0.025)
(0.02748437033 -0.01875 -0.025)
(0.03409153108 -0.01875 -0.025)
(0.04146435599 -0.01875 -0.025)
(0.04969157328 -0.01875 -0.025)
(0.05887219336 -0.01875 -0.025)
(0.003422162177 -0.015625 -0.025)
(0.00724089817 -0.015625 -0.025)
(0.01150216454 -0.015625 -0.025)
(0.01625724346 -0.015625 -0.025)
(0.02156335992 -0.015625 -0.025)
(0.02748437033 -0.015625 -0.025)
(0.03409153108 -0.015625 -0.025)
(0.04146435599 -0.015625 -0.025)
(0.04969157328 -0.015625 -0.025)
(0.05887219336 -0.015625 -0.025)
(0.003422162177 -0.0125 -0.025)
(0.00724089817 -0.0125 -0.025)
(0.01150216454 -0.0125 -0.025)
(0.01625724346 -0.0125 -0.025)
(0.02156335992 -0.0125 -0.025)
(0.02748437033 -0.0125 -0.025)
(0.03409153108 -0.0125 -0.025)
(0.04146435599 -0.0125 -0.025)
(0.04969157328 -0.0125 -0.025)
(0.05887219336 -0.0125 -0.025)
(0.003422162177 -0.009375 -0.025)
(0.00724089817 -0.009375 -0.025)
(0.01150216454 -0.009375 -0.025)
(0.01625724346 -0.009375 -0.025)
(0.02156335992 -0.009375 -0.025)
(0.02748437033 -0.009375 -0.025)
(0.03409153108 -0.009375 -0.025)
(0.04146435599 -0.009375 -0.025)
(0.04969157328 -0.009375 -0.025)
(0.05887219336 -0.009375 -0.025)
(0.003422162177 -0.00625 -0.025)
(0.00724089817 -0.00625 -0.025)
(0.01150216454 -0.00625 -0.025)
(0.01625724346 -0.00625 -0.025)
(0.02156335992 -0.00625 -0.025)
(0.02748437033 -0.00625 -0.025)
(0.03409153108 -0.00625 -0.025)
(0.04146435599 -0.00625 -0.025)
(0.04969157328 -0.00625 -0.025)
(0.05887219336 -0.00625 -0.025)
(0.003422162177 -0.002737979468 -0.025)
(0.00724089817 -0.002737979468 -0.025)
(0.01150216454 -0.002737979468 -0.025)
(0.01625724346 -0.002737979468 -0.025)
(0.02156335992 -0.002737979468 -0.025)
(0.02748437033 -0.002737979468 -0.025)
(0.03409153108 -0.002737979468 -0.025)
(0.04146435599 -0.002737979468 -0.025)
(0.04969157328 -0.002737979468 -0.025)
(0.05887219336 -0.002737979468 -0.025)
(0.003422162177 -0.00110784394 -0.025)
(0.00724089817 -0.00110784394 -0.025)
(0.01150216454 -0.00110784394 -0.025)
(0.01625724346 -0.00110784394 -0.025)
(0.02156335992 -0.00110784394 -0.025)
(0.02748437033 -0.00110784394 -0.025)
(0.03409153108 -0.00110784394 -0.025)
(0.04146435599 -0.00110784394 -0.025)
(0.04969157328 -0.00110784394 -0.025)
(0.05887219336 -0.00110784394 -0.025)
(0.003422162177 -0.0003512020532 -0.025)
(0.00724089817 -0.0003512020532 -0.025)
(0.01150216454 -0.0003512020532 -0.025)
(0.01625724346 -0.0003512020532 -0.025)
(0.02156335992 -0.0003512020532 -0.025)
(0.02748437033 -0.0003512020532 -0.025)
(0.03409153108 -0.0003512020532 -0.025)
(0.04146435599 -0.0003512020532 -0.025)
(0.04969157328 -0.0003512020532 -0.025)
(0.05887219336 -0.0003512020532 -0.025)
(0.003422162177 0 -0.025)
(0.00724089817 0 -0.025)
(0.01150216454 0 -0.025)
(0.01625724346 0 -0.025)
(0.02156335992 0 -0.025)
(0.02748437033 0 -0.025)
(0.03409153108 0 -0.025)
(0.04146435599 0 -0.025)
(0.04969157328 0 -0.025)
(0.05887219336 0 -0.025)
(0.003422162177 -0.025 0)
(0.00724089817 -0.025 0)
(0.01150216454 -0.025 0)
(0.01625724346 -0.025 0)
(0.02156335992 -0.025 0)
(0.02748437033 -0.025 0)
(0.03409153108 -0.025 0)
(0.04146435599 -0.025 0)
(0.04969157328 -0.025 0)
(0.05887219336 -0.025 0)
(0.003422162177 -0.021875 0)
(0.00724089817 -0.021875 0)
(0.01150216454 -0.021875 0)
(0.01625724346 -0.021875 0)
(0.02156335992 -0.021875 0)
(0.02748437033 -0.021875 0)
(0.03409153108 -0.021875 0)
(0.04146435599 -0.021875 0)
(0.04969157328 -0.021875 0)
(0.05887219336 -0.021875 0)
(0.003422162177 -0.01875 0)
(0.00724089817 -0.01875 0)
(0.01150216454 -0.01875 0)
(0.01625724346 -0.01875 0)
(0.02156335992 -0.01875 0)
(0.02748437033 -0.01875 0)
(0.03409153108 -0.01875 0)
(0.04146435599 -0.01875 0)
(0.04969157328 -0.01875 0)
(0.05887219336 -0.01875 0)
(0.003422162177 -0.015625 0)
(0.00724089817 -0.015625 0)
(0.01150216454 -0.015625 0)
(0.01625724346 -0.015625 0)
(0.02156335992 -0.015625 0)
(0.02748437033 -0.015625 0)
(0.03409153108 -0.015625 0)
(0.04146435599 -0.015625 0)
(0.04969157328 -0.015625 0)
(0.05887219336 -0.015625 0)
(0.003422162177 -0.0125 0)
(0.00724089817 -0.0125 0)
(0.01150216454 -0.0125 0)
(0.01625724346 -0.0125 0)
(0.02156335992 -0.0125 0)
(0.02748437033 -0.0125 0)
(0.03409153108 -0.0125 0)
(0.04146435599 -0.0125 0)
(0.04969157328 -0.0125 0)
(0.05887219336 -0.0125 0)
(0.003422162177 -0.009375 0)
(0.00724089817 -0.009375 0)
(0.01150216454 -0.009375 0)
(0.01625724346 -0.009375 0)
(0.02156335992 -0.009375 0)
(0.02748437033 -0.009375 0)
(0.03409153108 -0.009375 0)
(0.04146435599 -0.009375 0)
(0.04969157328 -0.009375 0)
(0.05887219336 -0.009375 0)
(0.003422162177 -0.00625 0)
(0.00724089817 -0.00625 0)
(0.01150216454 -0.00625 0)
(0.01625724346 -0.00625 0)
(0.02156335992 -0.00625 0)
(0.02748437033 -0.00625 0)
(0.03409153108 -0.00625 0)
(0.04146435599 -0.00625 0)
(0.04969157328 -0.00625 0)
(0.05887219336 -0.00625 0)
(0.003422162177 -0.002737979468 0)
(0.00724089817 -0.002737979468 0)
(0.01150216454 -0.002737979468 0)
(0.01625724346 -0.002737979468 0)
(0.02156335992 -0.002737979468 0)
(0.02748437033 -0.002737979468 0)
(0.03409153108 -0.002737979468 0)
(0.04146435599 -0.002737979468 0)
(0.04969157328 -0.002737979468 0)
(0.05887219336 -0.002737979468 0)
(0.003422162177 -0.00110784394 0)
(0.00724089817 -0.00110784394 0)
(0.01150216454 -0.00110784394 0)
(0.01625724346 -0.00110784394 0)
(0.02156335992 -0.00110784394 0)
(0.02748437033 -0.00110784394 0)
(0.03409153108 -0.00110784394 0)
(0.04146435599 -0.00110784394 0)
(0.04969157328 -0.00110784394 0)
(0.05887219336 -0.00110784394 0)
(0.003422162177 -0.0003512020532 0)
(0.00724089817 -0.0003512020532 0)
(0.01150216454 -0.0003512020532 0)
(0.01625724346 -0.0003512020532 0)
(0.02156335992 -0.0003512020532 0)
(0.02748437033 -0.0003512020532 0)
(0.03409153108 -0.0003512020532 0)
(0.04146435599 -0.0003512020532 0)
(0.04969157328 -0.0003512020532 0)
(0.05887219336 -0.0003512020532 0)
(0.003422162177 0 0)
(0.00724089817 0 0)
(0.01150216454 0 0)
(0.01625724346 0 0)
(0.02156335992 0 0)
(0.02748437033 0 0)
(0.03409153108 0 0)
(0.04146435599 0 0)
(0.04969157328 0 0)
(0.05887219336 0 0)
(0.003422162177 0.0003512020532 -0.025)
(0.00724089817 0.0003512020532 -0.025)
(0.01150216454 0.0003512020532 -0.025)
(0.01625724346 0.0003512020532 -0.025)
(0.02156335992 0.0003512020532 -0.025)
(0.02748437033 0.0003512020532 -0.025)
(0.03409153108 0.0003512020532 -0.025)
(0.04146435599 0.0003512020532 -0.025)
(0.04969157328 0.0003512020532 -0.025)
(0.05887219336 0.0003512020532 -0.025)
(0.003422162177 0.00110784394 -0.025)
(0.00724089817 0.00110784394 -0.025)
(0.01150216454 0.00110784394 -0.025)
(0.01625724346 0.00110784394 -0.025)
(0.02156335992 0.00110784394 -0.025)
(0.02748437033 0.00110784394 -0.025)
(0.03409153108 0.00110784394 -0.025)
(0.04146435599 0.00110784394 -0.025)
(0.04969157328 0.00110784394 -0.025)
(0.05887219336 0.00110784394 -0.025)
(0.003422162177 0.002737979468 -0.025)
(0.00724089817 0.002737979468 -0.025)
(0.01150216454 0.002737979468 -0.025)
(0.01625724346 0.002737979468 -0.025)
(0.02156335992 0.002737979468 -0.025)
(0.02748437033 0.002737979468 -0.025)
(0.03409153108 0.002737979468 -0.025)
(0.04146435599 0.002737979468 -0.025)
(0.04969157328 0.002737979468 -0.025)
(0.05887219336 0.002737979468 -0.025)
(0.003422162177 0.00625 -0.025)
(0.00724089817 0.00625 -0.025)
(0.01150216454 0.00625 -0.025)
(0.01625724346 0.00625 -0.025)
(0.02156335992 0.00625 -0.025)
(0.02748437033 0.00625 -0.025)
(0.03409153108 0.00625 -0.025)
(0.04146435599 0.00625 -0.025)
(0.04969157328 0.00625 -0.025)
(0.05887219336 0.00625 -0.025)
(0.003422162177 0.009375 -0.025)
(0.00724089817 0.009375 -0.025)
(0.01150216454 0.009375 -0.025)
(0.01625724346 0.009375 -0.025)
(0.02156335992 0.009375 -0.025)
(0.02748437033 0.009375 -0.025)
(0.03409153108 0.009375 -0.025)
(0.04146435599 0.009375 -0.025)
(0.04969157328 0.009375 -0.025)
(0.05887219336 0.009375 -0.025)
(0.003422162177 0.0125 -0.025)
(0.00724089817 0.0125 -0.025)
(0.01150216454 0.0125 -0.025)
(0.01625724346 0.0125 -0.025)
(0.02156335992 0.0125 -0.025)
(0.02748437033 0.0125 -0.025)
(0.03409153108 0.0125 -0.025)
(0.04146435599 0.0125 -0.025)
(0.04969157328 0.0125 -0.025)
(0.05887219336 0.0125 -0.025)
(0.003422162177 0.015625 -0.025)
(0.00724089817 0.015625 -0.025)
(0.01150216454 0.015625 -0.025)
(0.01625724346 0.015625 -0.025)
(0.02156335992 0.015625 -0.025)
(0.02748437033 0.015625 -0.025)
(0.03409153108 0.015625 -0.025)
(0.04146435599 0.015625 -0.025)
(0.04969157328 0.015625 -0.025)
(0.05887219336 0.015625 -0.025)
(0.003422162177 0.01875 -0.025)
(0.00724089817 0.01875 -0.025)
(0.01150216454 0.01875 -0.025)
(0.01625724346 0.01875 -0.025)
(0.02156335992 0.01875 -0.025)
(0.02748437033 0.01875 -0.025)
(0.03409153108 0.01875 -0.025)
(0.04146435599 0.01875 -0.025)
(0.04969157328 0.01875 -0.025)
(0.05887219336 0.01875 -0.025)
(0.003422162177 0.021875 -0.025)
(0.00724089817 0.021875 -0.025)
(0.01150216454 0.021875 -0.025)
(0.01625724346 0.021875 -0.025)
(0.02156335992 0.021875 -0.025)
(0.02748437033 0.021875 -0.025)
(0.03409153108 0.021875 -0.025)
(0.04146435599 0.021875 -0.025)
(0.04969157328 0.021875 -0.025)
(0.05887219336 0.021875 -0.025)
(0.003422162177 0.025 -0.025)
(0.00724089817 0.025 -0.025)
(0.01150216454 0.025 -0.025)
(0.01625724346 0.025 -0.025)
(0.02156335992 0.025 -0.025)
(0.02748437033 0.025 -0.025)
(0.03409153108 0.025 -0.025)
(0.04146435599 0.025 -0.025)
(0.04969157328 0.025 -0.025)
(0.05887219336 0.025 -0.025)
(0.003422162177 0.0003512020532 0)
(0.00724089817 0.0003512020532 0)
(0.01150216454 0.0003512020532 0)
(0.01625724346 0.0003512020532 0)
(0.02156335992 0.0003512020532 0)
(0.02748437033 0.0003512020532 0)
(0.03409153108 0.0003512020532 0)
(0.04146435599 0.0003512020532 0)
(0.04969157328 0.0003512020532 0)
(0.05887219336 0.0003512020532 0)
(0.003422162177 0.00110784394 0)
(0.00724089817 0.00110784394 0)
(0.01150216454 0.00110784394 0)
(0.01625724346 0.00110784394 0)
(0.02156335992 0.00110784394 0)
(0.02748437033 0.00110784394 0)
(0.03409153108 0.00110784394 0)
(0.04146435599 0.00110784394 0)
(0.04969157328 0.00110784394 0)
(0.05887219336 0.00110784394 0)
(0.003422162177 0.002737979468 0)
(0.00724089817 0.002737979468 0)
(0.01150216454 0.002737979468 0)
(0.01625724346 0.002737979468 0)
(0.02156335992 0.002737979468 0)
(0.02748437033 0.002737979468 0)
(0.03409153108 0.002737979468 0)
(0.04146435599 0.002737979468 0)
(0.04969157328 0.002737979468 0)
(0.05887219336 0.002737979468 0)
(0.003422162177 0.00625 0)
(0.00724089817 0.00625 0)
(0.01150216454 0.00625 0)
(0.01625724346 0.00625 0)
(0.02156335992 0.00625 0)
(0.02748437033 0.00625 0)
(0.03409153108 0.00625 0)
(0.04146435599 0.00625 0)
(0.04969157328 0.00625 0)
(0.05887219336 0.00625 0)
(0.003422162177 0.009375 0)
(0.00724089817 0.009375 0)
(0.01150216454 0.009375 0)
(0.01625724346 0.009375 0)
(0.02156335992 0.009375 0)
(0.02748437033 0.009375 0)
(0.03409153108 0.009375 0)
(0.04146435599 0.009375 0)
(0.04969157328 0.009375 0)
(0.05887219336 0.009375 0)
(0.003422162177 0.0125 0)
(0.00724089817 0.0125 0)
(0.01150216454 0.0125 0)
(0.01625724346 0.0125 0)
(0.02156335992 0.0125 0)
(0.02748437033 0.0125 0)
(0.03409153108 0.0125 0)
(0.04146435599 0.0125 0)
(0.04969157328 0.0125 0)
(0.05887219336 0.0125 0)
(0.003422162177 0.015625 0)
(0.00724089817 0.015625 0)
(0.01150216454 0.015625 0)
(0.01625724346 0.015625 0)
(0.02156335992 0.015625 0)
(0.02748437033 0.015625 0)
(0.03409153108 0.015625 0)
(0.04146435599 0.015625 0)
(0.04969157328 0.015625 0)
(0.05887219336 0.015625 0)
(0.003422162177 0.01875 0)
(0.00724089817 0.01875 0)
(0.01150216454 0.01875 0)
(0.01625724346 0.01875 0)
(0.02156335992 0.01875 0)
(0.02748437033 0.01875 0)
(0.03409153108 0.01875 0)
(0.04146435599 0.01875 0)
(0.04969157328 0.01875 0)
(0.05887219336 0.01875 0)
(0.003422162177 0.021875 0)
(0.00724089817 0.021875 0)
(0.01150216454 0.021875 0)
(0.01625724346 0.021875 0)
(0.02156335992 0.021875 0)
(0.02748437033 0.021875 0)
(0.03409153108 0.021875 0)
(0.04146435599 0.021875 0)
(0.04969157328 0.021875 0)
(0.05887219336 0.021875 0)
(0.003422162177 0.025 0)
(0.00724089817 0.025 0)
(0.01150216454 0.025 0)
(0.01625724346 0.025 0)
(0.02156335992 0.025 0)
(0.02748437033 0.025 0)
(0.03409153108 0.025 0)
(0.04146435599 0.025 0)
(0.04969157328 0.025 0)
(0.05887219336 0.025 0)
)


// ************************************************************************* //
