/*--------------------------------*- C++ -*----------------------------------*\
| =========                 |                                                 |
| \\      /  F ield         | OpenFOAM: The Open Source CFD Toolbox           |
|  \\    /   O peration     | Version:  4.x                                   |
|   \\  /    A nd           | Web:      www.OpenFOAM.org                      |
|    \\/     M anipulation  |                                                 |
\*---------------------------------------------------------------------------*/
FoamFile
{
    version     2.0;
    format      ascii;
    class       labelList;
    location    "constant/polyMesh";
    object      pointProcAddressing;
}
// * * * * * * * * * * * * * * * * * * * * * * * * * * * * * * * * * * * * * //


462
(
10
21
32
43
54
65
76
87
98
109
120
131
142
153
164
175
186
197
208
219
230
241
262
273
284
295
306
317
328
339
350
361
382
393
404
415
426
437
448
459
470
481
482
483
484
485
486
487
488
489
490
491
512
513
514
515
516
517
518
519
520
521
542
543
544
545
546
547
548
549
550
551
572
573
574
575
576
577
578
579
580
581
602
603
604
605
606
607
608
609
610
611
632
633
634
635
636
637
638
639
640
641
662
663
664
665
666
667
668
669
670
671
692
693
694
695
696
697
698
699
700
701
722
723
724
725
726
727
728
729
730
731
752
753
754
755
756
757
758
759
760
761
782
783
784
785
786
787
788
789
790
791
812
813
814
815
816
817
818
819
820
821
842
843
844
845
846
847
848
849
850
851
872
873
874
875
876
877
878
879
880
881
902
903
904
905
906
907
908
909
910
911
932
933
934
935
936
937
938
939
940
941
962
963
964
965
966
967
968
969
970
971
992
993
994
995
996
997
998
999
1000
1001
1022
1023
1024
1025
1026
1027
1028
1029
1030
1031
1052
1053
1054
1055
1056
1057
1058
1059
1060
1061
1082
1083
1084
1085
1086
1087
1088
1089
1090
1091
1112
1113
1114
1115
1116
1117
1118
1119
1120
1121
1142
1143
1144
1145
1146
1147
1148
1149
1150
1151
1172
1173
1174
1175
1176
1177
1178
1179
1180
1181
1202
1203
1204
1205
1206
1207
1208
1209
1210
1211
1232
1233
1234
1235
1236
1237
1238
1239
1240
1241
1262
1263
1264
1265
1266
1267
1268
1269
1270
1271
1292
1293
1294
1295
1296
1297
1298
1299
1300
1301
1322
1323
1324
1325
1326
1327
1328
1329
1330
1331
1352
1353
1354
1355
1356
1357
1358
1359
1360
1361
1382
1383
1384
1385
1386
1387
1388
1389
1390
1391
1412
1413
1414
1415
1416
1417
1418
1419
1420
1421
1442
1443
1444
1445
1446
1447
1448
1449
1450
1451
1472
1473
1474
1475
1476
1477
1478
1479
1480
1481
1502
1503
1504
1505
1506
1507
1508
1509
1510
1511
1532
1533
1534
1535
1536
1537
1538
1539
1540
1541
1562
1563
1564
1565
1566
1567
1568
1569
1570
1571
1592
1593
1594
1595
1596
1597
1598
1599
1600
1601
1622
1623
1624
1625
1626
1627
1628
1629
1630
1631
1652
1653
1654
1655
1656
1657
1658
1659
1660
1661
1682
1683
1684
1685
1686
1687
1688
1689
1690
1691
1712
1713
1714
1715
1716
1717
1718
1719
1720
1721
)


// ************************************************************************* //
