/*--------------------------------*- C++ -*----------------------------------*\
| =========                 |                                                 |
| \\      /  F ield         | OpenFOAM: The Open Source CFD Toolbox           |
|  \\    /   O peration     | Version:  4.x                                   |
|   \\  /    A nd           | Web:      www.OpenFOAM.org                      |
|    \\/     M anipulation  |                                                 |
\*---------------------------------------------------------------------------*/
FoamFile
{
    version     2.0;
    format      ascii;
    class       vectorField;
    location    "constant/polyMesh";
    object      points;
}
// * * * * * * * * * * * * * * * * * * * * * * * * * * * * * * * * * * * * * //


482
(
(-0.04932845 -0.02630028 -0.025)
(-0.044395605 -0.026170252 -0.025)
(-0.03946276 -0.026040224 -0.025)
(-0.034529915 -0.025910196 -0.025)
(-0.02959707 -0.025780168 -0.025)
(-0.024664225 -0.02565014 -0.025)
(-0.01973138 -0.025520112 -0.025)
(-0.014798535 -0.025390084 -0.025)
(-0.00986569 -0.025260056 -0.025)
(-0.004932845 -0.025130028 -0.025)
(0 -0.025 -0.025)
(-0.0494102525 -0.02317635125 -0.025)
(-0.04446922725 -0.02304621613 -0.025)
(-0.039528202 -0.022916081 -0.025)
(-0.03458717675 -0.02278594588 -0.025)
(-0.0296461515 -0.02265581075 -0.025)
(-0.02470512625 -0.02252567563 -0.025)
(-0.019764101 -0.0223955405 -0.025)
(-0.01482307575 -0.02226540538 -0.025)
(-0.0098820505 -0.02213527025 -0.025)
(-0.00494102525 -0.02200513512 -0.025)
(0 -0.021875 -0.025)
(-0.049492055 -0.0200524225 -0.025)
(-0.0445428495 -0.01992218025 -0.025)
(-0.039593644 -0.019791938 -0.025)
(-0.0346444385 -0.01966169575 -0.025)
(-0.029695233 -0.0195314535 -0.025)
(-0.0247460275 -0.01940121125 -0.025)
(-0.019796822 -0.019270969 -0.025)
(-0.0148476165 -0.01914072675 -0.025)
(-0.009898411 -0.0190104845 -0.025)
(-0.0049492055 -0.01888024225 -0.025)
(0 -0.01875 -0.025)
(-0.0495738575 -0.01692849375 -0.025)
(-0.04461647175 -0.01679814438 -0.025)
(-0.039659086 -0.016667795 -0.025)
(-0.03470170025 -0.01653744562 -0.025)
(-0.0297443145 -0.01640709625 -0.025)
(-0.02478692875 -0.01627674688 -0.025)
(-0.019829543 -0.0161463975 -0.025)
(-0.01487215725 -0.01601604813 -0.025)
(-0.0099147715 -0.01588569875 -0.025)
(-0.00495738575 -0.01575534938 -0.025)
(0 -0.015625 -0.025)
(-0.04965566 -0.013804565 -0.025)
(-0.044690094 -0.0136741085 -0.025)
(-0.039724528 -0.013543652 -0.025)
(-0.034758962 -0.0134131955 -0.025)
(-0.029793396 -0.013282739 -0.025)
(-0.02482783 -0.0131522825 -0.025)
(-0.019862264 -0.013021826 -0.025)
(-0.014896698 -0.0128913695 -0.025)
(-0.009931132 -0.012760913 -0.025)
(-0.004965566 -0.0126304565 -0.025)
(0 -0.0125 -0.025)
(-0.0497374625 -0.01068063625 -0.025)
(-0.04476371625 -0.01055007263 -0.025)
(-0.03978997 -0.010419509 -0.025)
(-0.03481622375 -0.01028894538 -0.025)
(-0.0298424775 -0.01015838175 -0.025)
(-0.02486873125 -0.01002781813 -0.025)
(-0.019894985 -0.0098972545 -0.025)
(-0.01492123875 -0.009766690875 -0.025)
(-0.0099474925 -0.00963612725 -0.025)
(-0.00497374625 -0.009505563625 -0.025)
(0 -0.009375 -0.025)
(-0.049819265 -0.0075567075 -0.025)
(-0.0448373385 -0.00742603675 -0.025)
(-0.039855412 -0.007295366 -0.025)
(-0.0348734855 -0.00716469525 -0.025)
(-0.029891559 -0.0070340245 -0.025)
(-0.0249096325 -0.00690335375 -0.025)
(-0.019927706 -0.006772683 -0.025)
(-0.0149457795 -0.00664201225 -0.025)
(-0.009963853 -0.0065113415 -0.025)
(-0.0049819265 -0.00638067075 -0.025)
(0 -0.00625 -0.025)
(-0.04991119846 -0.004045890889 -0.025)
(-0.04492007861 -0.003915099747 -0.025)
(-0.03992895877 -0.003784308605 -0.025)
(-0.03493783892 -0.003653517463 -0.025)
(-0.02994671908 -0.003522726321 -0.025)
(-0.02495559923 -0.003391935178 -0.025)
(-0.01996447938 -0.003261144036 -0.025)
(-0.01497335954 -0.003130352894 -0.025)
(-0.009982239692 -0.002999561752 -0.025)
(-0.004991119846 -0.00286877061 -0.025)
(0 -0.002737979468 -0.025)
(-0.04995387019 -0.002416314171 -0.025)
(-0.04495848317 -0.002285467148 -0.025)
(-0.03996309615 -0.002154620125 -0.025)
(-0.03496770913 -0.002023773102 -0.025)
(-0.02997232211 -0.001892926078 -0.025)
(-0.0249769351 -0.001762079055 -0.025)
(-0.01998154808 -0.001631232032 -0.025)
(-0.01498616106 -0.001500385009 -0.025)
(-0.009990774038 -0.001369537986 -0.025)
(-0.004995387019 -0.001238690963 -0.025)
(0 -0.00110784394 -0.025)
(-0.04997367665 -0.001659931661 -0.025)
(-0.04497630899 -0.0015290587 -0.025)
(-0.03997894132 -0.00139818574 -0.025)
(-0.03498157366 -0.001267312779 -0.025)
(-0.02998420599 -0.001136439818 -0.025)
(-0.02498683833 -0.001005566857 -0.025)
(-0.01998947066 -0.0008746938964 -0.025)
(-0.014992103 -0.0007438209356 -0.025)
(-0.009994735331 -0.0006129479748 -0.025)
(-0.004997367665 -0.000482075014 -0.025)
(0 -0.0003512020532 -0.025)
(-0.04998287 -0.00130885 -0.025)
(-0.044984583 -0.001177965 -0.025)
(-0.039986296 -0.00104708 -0.025)
(-0.034988009 -0.000916195 -0.025)
(-0.029989722 -0.00078531 -0.025)
(-0.024991435 -0.000654425 -0.025)
(-0.019993148 -0.00052354 -0.025)
(-0.014994861 -0.000392655 -0.025)
(-0.009996574 -0.00026177 -0.025)
(-0.004998287 -0.000130885 -0.025)
(0 0 -0.025)
(-0.04932845 -0.02630028 0)
(-0.044395605 -0.026170252 0)
(-0.03946276 -0.026040224 0)
(-0.034529915 -0.025910196 0)
(-0.02959707 -0.025780168 0)
(-0.024664225 -0.02565014 0)
(-0.01973138 -0.025520112 0)
(-0.014798535 -0.025390084 0)
(-0.00986569 -0.025260056 0)
(-0.004932845 -0.025130028 0)
(0 -0.025 0)
(-0.0494102525 -0.02317635125 0)
(-0.04446922725 -0.02304621613 0)
(-0.039528202 -0.022916081 0)
(-0.03458717675 -0.02278594588 0)
(-0.0296461515 -0.02265581075 0)
(-0.02470512625 -0.02252567563 0)
(-0.019764101 -0.0223955405 0)
(-0.01482307575 -0.02226540538 0)
(-0.0098820505 -0.02213527025 0)
(-0.00494102525 -0.02200513512 0)
(0 -0.021875 0)
(-0.049492055 -0.0200524225 0)
(-0.0445428495 -0.01992218025 0)
(-0.039593644 -0.019791938 0)
(-0.0346444385 -0.01966169575 0)
(-0.029695233 -0.0195314535 0)
(-0.0247460275 -0.01940121125 0)
(-0.019796822 -0.019270969 0)
(-0.0148476165 -0.01914072675 0)
(-0.009898411 -0.0190104845 0)
(-0.0049492055 -0.01888024225 0)
(0 -0.01875 0)
(-0.0495738575 -0.01692849375 0)
(-0.04461647175 -0.01679814438 0)
(-0.039659086 -0.016667795 0)
(-0.03470170025 -0.01653744562 0)
(-0.0297443145 -0.01640709625 0)
(-0.02478692875 -0.01627674688 0)
(-0.019829543 -0.0161463975 0)
(-0.01487215725 -0.01601604813 0)
(-0.0099147715 -0.01588569875 0)
(-0.00495738575 -0.01575534938 0)
(0 -0.015625 0)
(-0.04965566 -0.013804565 0)
(-0.044690094 -0.0136741085 0)
(-0.039724528 -0.013543652 0)
(-0.034758962 -0.0134131955 0)
(-0.029793396 -0.013282739 0)
(-0.02482783 -0.0131522825 0)
(-0.019862264 -0.013021826 0)
(-0.014896698 -0.0128913695 0)
(-0.009931132 -0.012760913 0)
(-0.004965566 -0.0126304565 0)
(0 -0.0125 0)
(-0.0497374625 -0.01068063625 0)
(-0.04476371625 -0.01055007263 0)
(-0.03978997 -0.010419509 0)
(-0.03481622375 -0.01028894538 0)
(-0.0298424775 -0.01015838175 0)
(-0.02486873125 -0.01002781813 0)
(-0.019894985 -0.0098972545 0)
(-0.01492123875 -0.009766690875 0)
(-0.0099474925 -0.00963612725 0)
(-0.00497374625 -0.009505563625 0)
(0 -0.009375 0)
(-0.049819265 -0.0075567075 0)
(-0.0448373385 -0.00742603675 0)
(-0.039855412 -0.007295366 0)
(-0.0348734855 -0.00716469525 0)
(-0.029891559 -0.0070340245 0)
(-0.0249096325 -0.00690335375 0)
(-0.019927706 -0.006772683 0)
(-0.0149457795 -0.00664201225 0)
(-0.009963853 -0.0065113415 0)
(-0.0049819265 -0.00638067075 0)
(0 -0.00625 0)
(-0.04991119846 -0.004045890889 0)
(-0.04492007861 -0.003915099747 0)
(-0.03992895877 -0.003784308605 0)
(-0.03493783892 -0.003653517463 0)
(-0.02994671908 -0.003522726321 0)
(-0.02495559923 -0.003391935178 0)
(-0.01996447938 -0.003261144036 0)
(-0.01497335954 -0.003130352894 0)
(-0.009982239692 -0.002999561752 0)
(-0.004991119846 -0.00286877061 0)
(0 -0.002737979468 0)
(-0.04995387019 -0.002416314171 0)
(-0.04495848317 -0.002285467148 0)
(-0.03996309615 -0.002154620125 0)
(-0.03496770913 -0.002023773102 0)
(-0.02997232211 -0.001892926078 0)
(-0.0249769351 -0.001762079055 0)
(-0.01998154808 -0.001631232032 0)
(-0.01498616106 -0.001500385009 0)
(-0.009990774038 -0.001369537986 0)
(-0.004995387019 -0.001238690963 0)
(0 -0.00110784394 0)
(-0.04997367665 -0.001659931661 0)
(-0.04497630899 -0.0015290587 0)
(-0.03997894132 -0.00139818574 0)
(-0.03498157366 -0.001267312779 0)
(-0.02998420599 -0.001136439818 0)
(-0.02498683833 -0.001005566857 0)
(-0.01998947066 -0.0008746938964 0)
(-0.014992103 -0.0007438209356 0)
(-0.009994735331 -0.0006129479748 0)
(-0.004997367665 -0.000482075014 0)
(0 -0.0003512020532 0)
(-0.04998287 -0.00130885 0)
(-0.044984583 -0.001177965 0)
(-0.039986296 -0.00104708 0)
(-0.034988009 -0.000916195 0)
(-0.029989722 -0.00078531 0)
(-0.024991435 -0.000654425 0)
(-0.019993148 -0.00052354 0)
(-0.014994861 -0.000392655 0)
(-0.009996574 -0.00026177 0)
(-0.004998287 -0.000130885 0)
(0 0 0)
(-0.04998287 0.00130885 -0.025)
(-0.044984583 0.001177965 -0.025)
(-0.039986296 0.00104708 -0.025)
(-0.034988009 0.000916195 -0.025)
(-0.029989722 0.00078531 -0.025)
(-0.024991435 0.000654425 -0.025)
(-0.019993148 0.00052354 -0.025)
(-0.014994861 0.000392655 -0.025)
(-0.009996574 0.00026177 -0.025)
(-0.004998287 0.000130885 -0.025)
(-0.04997367665 0.001659931661 -0.025)
(-0.04497630899 0.0015290587 -0.025)
(-0.03997894132 0.00139818574 -0.025)
(-0.03498157366 0.001267312779 -0.025)
(-0.02998420599 0.001136439818 -0.025)
(-0.02498683833 0.001005566857 -0.025)
(-0.01998947066 0.0008746938964 -0.025)
(-0.014992103 0.0007438209356 -0.025)
(-0.009994735331 0.0006129479748 -0.025)
(-0.004997367665 0.000482075014 -0.025)
(0 0.0003512020532 -0.025)
(-0.04995387019 0.002416314171 -0.025)
(-0.04495848317 0.002285467148 -0.025)
(-0.03996309615 0.002154620125 -0.025)
(-0.03496770913 0.002023773102 -0.025)
(-0.02997232211 0.001892926078 -0.025)
(-0.0249769351 0.001762079055 -0.025)
(-0.01998154808 0.001631232032 -0.025)
(-0.01498616106 0.001500385009 -0.025)
(-0.009990774038 0.001369537986 -0.025)
(-0.004995387019 0.001238690963 -0.025)
(0 0.00110784394 -0.025)
(-0.04991119846 0.004045890889 -0.025)
(-0.04492007861 0.003915099747 -0.025)
(-0.03992895877 0.003784308605 -0.025)
(-0.03493783892 0.003653517463 -0.025)
(-0.02994671908 0.003522726321 -0.025)
(-0.02495559923 0.003391935178 -0.025)
(-0.01996447938 0.003261144036 -0.025)
(-0.01497335954 0.003130352894 -0.025)
(-0.009982239692 0.002999561752 -0.025)
(-0.004991119846 0.00286877061 -0.025)
(0 0.002737979468 -0.025)
(-0.049819265 0.0075567075 -0.025)
(-0.0448373385 0.00742603675 -0.025)
(-0.039855412 0.007295366 -0.025)
(-0.0348734855 0.00716469525 -0.025)
(-0.029891559 0.0070340245 -0.025)
(-0.0249096325 0.00690335375 -0.025)
(-0.019927706 0.006772683 -0.025)
(-0.0149457795 0.00664201225 -0.025)
(-0.009963853 0.0065113415 -0.025)
(-0.0049819265 0.00638067075 -0.025)
(0 0.00625 -0.025)
(-0.0497374625 0.01068063625 -0.025)
(-0.04476371625 0.01055007263 -0.025)
(-0.03978997 0.010419509 -0.025)
(-0.03481622375 0.01028894537 -0.025)
(-0.0298424775 0.01015838175 -0.025)
(-0.02486873125 0.01002781812 -0.025)
(-0.019894985 0.0098972545 -0.025)
(-0.01492123875 0.009766690875 -0.025)
(-0.0099474925 0.00963612725 -0.025)
(-0.00497374625 0.009505563625 -0.025)
(0 0.009375 -0.025)
(-0.04965566 0.013804565 -0.025)
(-0.044690094 0.0136741085 -0.025)
(-0.039724528 0.013543652 -0.025)
(-0.034758962 0.0134131955 -0.025)
(-0.029793396 0.013282739 -0.025)
(-0.02482783 0.0131522825 -0.025)
(-0.019862264 0.013021826 -0.025)
(-0.014896698 0.0128913695 -0.025)
(-0.009931132 0.012760913 -0.025)
(-0.004965566 0.0126304565 -0.025)
(0 0.0125 -0.025)
(-0.0495738575 0.01692849375 -0.025)
(-0.04461647175 0.01679814437 -0.025)
(-0.039659086 0.016667795 -0.025)
(-0.03470170025 0.01653744563 -0.025)
(-0.0297443145 0.01640709625 -0.025)
(-0.02478692875 0.01627674688 -0.025)
(-0.019829543 0.0161463975 -0.025)
(-0.01487215725 0.01601604813 -0.025)
(-0.0099147715 0.01588569875 -0.025)
(-0.00495738575 0.01575534938 -0.025)
(0 0.015625 -0.025)
(-0.049492055 0.0200524225 -0.025)
(-0.0445428495 0.01992218025 -0.025)
(-0.039593644 0.019791938 -0.025)
(-0.0346444385 0.01966169575 -0.025)
(-0.029695233 0.0195314535 -0.025)
(-0.0247460275 0.01940121125 -0.025)
(-0.019796822 0.019270969 -0.025)
(-0.0148476165 0.01914072675 -0.025)
(-0.009898411 0.0190104845 -0.025)
(-0.0049492055 0.01888024225 -0.025)
(0 0.01875 -0.025)
(-0.0494102525 0.02317635125 -0.025)
(-0.04446922725 0.02304621613 -0.025)
(-0.039528202 0.022916081 -0.025)
(-0.03458717675 0.02278594587 -0.025)
(-0.0296461515 0.02265581075 -0.025)
(-0.02470512625 0.02252567563 -0.025)
(-0.019764101 0.0223955405 -0.025)
(-0.01482307575 0.02226540538 -0.025)
(-0.0098820505 0.02213527025 -0.025)
(-0.00494102525 0.02200513512 -0.025)
(0 0.021875 -0.025)
(-0.04932845 0.02630028 -0.025)
(-0.044395605 0.026170252 -0.025)
(-0.03946276 0.026040224 -0.025)
(-0.034529915 0.025910196 -0.025)
(-0.02959707 0.025780168 -0.025)
(-0.024664225 0.02565014 -0.025)
(-0.01973138 0.025520112 -0.025)
(-0.014798535 0.025390084 -0.025)
(-0.00986569 0.025260056 -0.025)
(-0.004932845 0.025130028 -0.025)
(0 0.025 -0.025)
(-0.04998287 0.00130885 0)
(-0.044984583 0.001177965 0)
(-0.039986296 0.00104708 0)
(-0.034988009 0.000916195 0)
(-0.029989722 0.00078531 0)
(-0.024991435 0.000654425 0)
(-0.019993148 0.00052354 0)
(-0.014994861 0.000392655 0)
(-0.009996574 0.00026177 0)
(-0.004998287 0.000130885 0)
(-0.04997367665 0.001659931661 0)
(-0.04497630899 0.0015290587 0)
(-0.03997894132 0.00139818574 0)
(-0.03498157366 0.001267312779 0)
(-0.02998420599 0.001136439818 0)
(-0.02498683833 0.001005566857 0)
(-0.01998947066 0.0008746938964 0)
(-0.014992103 0.0007438209356 0)
(-0.009994735331 0.0006129479748 0)
(-0.004997367665 0.000482075014 0)
(0 0.0003512020532 0)
(-0.04995387019 0.002416314171 0)
(-0.04495848317 0.002285467148 0)
(-0.03996309615 0.002154620125 0)
(-0.03496770913 0.002023773102 0)
(-0.02997232211 0.001892926078 0)
(-0.0249769351 0.001762079055 0)
(-0.01998154808 0.001631232032 0)
(-0.01498616106 0.001500385009 0)
(-0.009990774038 0.001369537986 0)
(-0.004995387019 0.001238690963 0)
(0 0.00110784394 0)
(-0.04991119846 0.004045890889 0)
(-0.04492007861 0.003915099747 0)
(-0.03992895877 0.003784308605 0)
(-0.03493783892 0.003653517463 0)
(-0.02994671908 0.003522726321 0)
(-0.02495559923 0.003391935178 0)
(-0.01996447938 0.003261144036 0)
(-0.01497335954 0.003130352894 0)
(-0.009982239692 0.002999561752 0)
(-0.004991119846 0.00286877061 0)
(0 0.002737979468 0)
(-0.049819265 0.0075567075 0)
(-0.0448373385 0.00742603675 0)
(-0.039855412 0.007295366 0)
(-0.0348734855 0.00716469525 0)
(-0.029891559 0.0070340245 0)
(-0.0249096325 0.00690335375 0)
(-0.019927706 0.006772683 0)
(-0.0149457795 0.00664201225 0)
(-0.009963853 0.0065113415 0)
(-0.0049819265 0.00638067075 0)
(0 0.00625 0)
(-0.0497374625 0.01068063625 0)
(-0.04476371625 0.01055007263 0)
(-0.03978997 0.010419509 0)
(-0.03481622375 0.01028894537 0)
(-0.0298424775 0.01015838175 0)
(-0.02486873125 0.01002781812 0)
(-0.019894985 0.0098972545 0)
(-0.01492123875 0.009766690875 0)
(-0.0099474925 0.00963612725 0)
(-0.00497374625 0.009505563625 0)
(0 0.009375 0)
(-0.04965566 0.013804565 0)
(-0.044690094 0.0136741085 0)
(-0.039724528 0.013543652 0)
(-0.034758962 0.0134131955 0)
(-0.029793396 0.013282739 0)
(-0.02482783 0.0131522825 0)
(-0.019862264 0.013021826 0)
(-0.014896698 0.0128913695 0)
(-0.009931132 0.012760913 0)
(-0.004965566 0.0126304565 0)
(0 0.0125 0)
(-0.0495738575 0.01692849375 0)
(-0.04461647175 0.01679814437 0)
(-0.039659086 0.016667795 0)
(-0.03470170025 0.01653744563 0)
(-0.0297443145 0.01640709625 0)
(-0.02478692875 0.01627674688 0)
(-0.019829543 0.0161463975 0)
(-0.01487215725 0.01601604813 0)
(-0.0099147715 0.01588569875 0)
(-0.00495738575 0.01575534938 0)
(0 0.015625 0)
(-0.049492055 0.0200524225 0)
(-0.0445428495 0.01992218025 0)
(-0.039593644 0.019791938 0)
(-0.0346444385 0.01966169575 0)
(-0.029695233 0.0195314535 0)
(-0.0247460275 0.01940121125 0)
(-0.019796822 0.019270969 0)
(-0.0148476165 0.01914072675 0)
(-0.009898411 0.0190104845 0)
(-0.0049492055 0.01888024225 0)
(0 0.01875 0)
(-0.0494102525 0.02317635125 0)
(-0.04446922725 0.02304621613 0)
(-0.039528202 0.022916081 0)
(-0.03458717675 0.02278594587 0)
(-0.0296461515 0.02265581075 0)
(-0.02470512625 0.02252567563 0)
(-0.019764101 0.0223955405 0)
(-0.01482307575 0.02226540538 0)
(-0.0098820505 0.02213527025 0)
(-0.00494102525 0.02200513512 0)
(0 0.021875 0)
(-0.04932845 0.02630028 0)
(-0.044395605 0.026170252 0)
(-0.03946276 0.026040224 0)
(-0.034529915 0.025910196 0)
(-0.02959707 0.025780168 0)
(-0.024664225 0.02565014 0)
(-0.01973138 0.025520112 0)
(-0.014798535 0.025390084 0)
(-0.00986569 0.025260056 0)
(-0.004932845 0.025130028 0)
(0 0.025 0)
)


// ************************************************************************* //
