/*--------------------------------*- C++ -*----------------------------------*\
| =========                 |                                                 |
| \\      /  F ield         | OpenFOAM: The Open Source CFD Toolbox           |
|  \\    /   O peration     | Version:  4.x                                   |
|   \\  /    A nd           | Web:      www.OpenFOAM.org                      |
|    \\/     M anipulation  |                                                 |
\*---------------------------------------------------------------------------*/
FoamFile
{
    version     2.0;
    format      ascii;
    class       faceList;
    location    "constant/polyMesh";
    object      faces;
}
// * * * * * * * * * * * * * * * * * * * * * * * * * * * * * * * * * * * * * //


3270
(
4(1 12 133 122)
4(11 132 133 12)
4(2 13 134 123)
4(12 133 134 13)
4(3 14 135 124)
4(13 134 135 14)
4(4 15 136 125)
4(14 135 136 15)
4(5 16 137 126)
4(15 136 137 16)
4(6 17 138 127)
4(16 137 138 17)
4(7 18 139 128)
4(17 138 139 18)
4(8 19 140 129)
4(18 139 140 19)
4(9 20 141 130)
4(19 140 141 20)
4(20 141 142 21)
4(10 21 142 131)
4(12 23 144 133)
4(22 143 144 23)
4(13 24 145 134)
4(23 144 145 24)
4(14 25 146 135)
4(24 145 146 25)
4(15 26 147 136)
4(25 146 147 26)
4(16 27 148 137)
4(26 147 148 27)
4(17 28 149 138)
4(27 148 149 28)
4(18 29 150 139)
4(28 149 150 29)
4(19 30 151 140)
4(29 150 151 30)
4(20 31 152 141)
4(30 151 152 31)
4(31 152 153 32)
4(21 32 153 142)
4(23 34 155 144)
4(33 154 155 34)
4(24 35 156 145)
4(34 155 156 35)
4(25 36 157 146)
4(35 156 157 36)
4(26 37 158 147)
4(36 157 158 37)
4(27 38 159 148)
4(37 158 159 38)
4(28 39 160 149)
4(38 159 160 39)
4(29 40 161 150)
4(39 160 161 40)
4(30 41 162 151)
4(40 161 162 41)
4(31 42 163 152)
4(41 162 163 42)
4(42 163 164 43)
4(32 43 164 153)
4(34 45 166 155)
4(44 165 166 45)
4(35 46 167 156)
4(45 166 167 46)
4(36 47 168 157)
4(46 167 168 47)
4(37 48 169 158)
4(47 168 169 48)
4(38 49 170 159)
4(48 169 170 49)
4(39 50 171 160)
4(49 170 171 50)
4(40 51 172 161)
4(50 171 172 51)
4(41 52 173 162)
4(51 172 173 52)
4(42 53 174 163)
4(52 173 174 53)
4(53 174 175 54)
4(43 54 175 164)
4(45 56 177 166)
4(55 176 177 56)
4(46 57 178 167)
4(56 177 178 57)
4(47 58 179 168)
4(57 178 179 58)
4(48 59 180 169)
4(58 179 180 59)
4(49 60 181 170)
4(59 180 181 60)
4(50 61 182 171)
4(60 181 182 61)
4(51 62 183 172)
4(61 182 183 62)
4(52 63 184 173)
4(62 183 184 63)
4(53 64 185 174)
4(63 184 185 64)
4(64 185 186 65)
4(54 65 186 175)
4(56 67 188 177)
4(66 187 188 67)
4(57 68 189 178)
4(67 188 189 68)
4(58 69 190 179)
4(68 189 190 69)
4(59 70 191 180)
4(69 190 191 70)
4(60 71 192 181)
4(70 191 192 71)
4(61 72 193 182)
4(71 192 193 72)
4(62 73 194 183)
4(72 193 194 73)
4(63 74 195 184)
4(73 194 195 74)
4(64 75 196 185)
4(74 195 196 75)
4(75 196 197 76)
4(65 76 197 186)
4(67 78 199 188)
4(77 198 199 78)
4(68 79 200 189)
4(78 199 200 79)
4(69 80 201 190)
4(79 200 201 80)
4(70 81 202 191)
4(80 201 202 81)
4(71 82 203 192)
4(81 202 203 82)
4(72 83 204 193)
4(82 203 204 83)
4(73 84 205 194)
4(83 204 205 84)
4(74 85 206 195)
4(84 205 206 85)
4(75 86 207 196)
4(85 206 207 86)
4(86 207 208 87)
4(76 87 208 197)
4(78 89 210 199)
4(88 209 210 89)
4(79 90 211 200)
4(89 210 211 90)
4(80 91 212 201)
4(90 211 212 91)
4(81 92 213 202)
4(91 212 213 92)
4(82 93 214 203)
4(92 213 214 93)
4(83 94 215 204)
4(93 214 215 94)
4(84 95 216 205)
4(94 215 216 95)
4(85 96 217 206)
4(95 216 217 96)
4(86 97 218 207)
4(96 217 218 97)
4(97 218 219 98)
4(87 98 219 208)
4(89 100 221 210)
4(99 220 221 100)
4(90 101 222 211)
4(100 221 222 101)
4(91 102 223 212)
4(101 222 223 102)
4(92 103 224 213)
4(102 223 224 103)
4(93 104 225 214)
4(103 224 225 104)
4(94 105 226 215)
4(104 225 226 105)
4(95 106 227 216)
4(105 226 227 106)
4(96 107 228 217)
4(106 227 228 107)
4(97 108 229 218)
4(107 228 229 108)
4(108 229 230 109)
4(98 109 230 219)
4(100 111 232 221)
4(101 112 233 222)
4(102 113 234 223)
4(103 114 235 224)
4(104 115 236 225)
4(105 116 237 226)
4(106 117 238 227)
4(107 118 239 228)
4(108 119 240 229)
4(109 120 241 230)
4(243 253 373 363)
4(252 372 373 253)
4(244 254 374 364)
4(253 373 374 254)
4(245 255 375 365)
4(254 374 375 255)
4(246 256 376 366)
4(255 375 376 256)
4(247 257 377 367)
4(256 376 377 257)
4(248 258 378 368)
4(257 377 378 258)
4(249 259 379 369)
4(258 378 379 259)
4(250 260 380 370)
4(259 379 380 260)
4(251 261 381 371)
4(260 380 381 261)
4(261 381 382 262)
4(120 262 382 241)
4(253 264 384 373)
4(263 383 384 264)
4(254 265 385 374)
4(264 384 385 265)
4(255 266 386 375)
4(265 385 386 266)
4(256 267 387 376)
4(266 386 387 267)
4(257 268 388 377)
4(267 387 388 268)
4(258 269 389 378)
4(268 388 389 269)
4(259 270 390 379)
4(269 389 390 270)
4(260 271 391 380)
4(270 390 391 271)
4(261 272 392 381)
4(271 391 392 272)
4(272 392 393 273)
4(262 273 393 382)
4(264 275 395 384)
4(274 394 395 275)
4(265 276 396 385)
4(275 395 396 276)
4(266 277 397 386)
4(276 396 397 277)
4(267 278 398 387)
4(277 397 398 278)
4(268 279 399 388)
4(278 398 399 279)
4(269 280 400 389)
4(279 399 400 280)
4(270 281 401 390)
4(280 400 401 281)
4(271 282 402 391)
4(281 401 402 282)
4(272 283 403 392)
4(282 402 403 283)
4(283 403 404 284)
4(273 284 404 393)
4(275 286 406 395)
4(285 405 406 286)
4(276 287 407 396)
4(286 406 407 287)
4(277 288 408 397)
4(287 407 408 288)
4(278 289 409 398)
4(288 408 409 289)
4(279 290 410 399)
4(289 409 410 290)
4(280 291 411 400)
4(290 410 411 291)
4(281 292 412 401)
4(291 411 412 292)
4(282 293 413 402)
4(292 412 413 293)
4(283 294 414 403)
4(293 413 414 294)
4(294 414 415 295)
4(284 295 415 404)
4(286 297 417 406)
4(296 416 417 297)
4(287 298 418 407)
4(297 417 418 298)
4(288 299 419 408)
4(298 418 419 299)
4(289 300 420 409)
4(299 419 420 300)
4(290 301 421 410)
4(300 420 421 301)
4(291 302 422 411)
4(301 421 422 302)
4(292 303 423 412)
4(302 422 423 303)
4(293 304 424 413)
4(303 423 424 304)
4(294 305 425 414)
4(304 424 425 305)
4(305 425 426 306)
4(295 306 426 415)
4(297 308 428 417)
4(307 427 428 308)
4(298 309 429 418)
4(308 428 429 309)
4(299 310 430 419)
4(309 429 430 310)
4(300 311 431 420)
4(310 430 431 311)
4(301 312 432 421)
4(311 431 432 312)
4(302 313 433 422)
4(312 432 433 313)
4(303 314 434 423)
4(313 433 434 314)
4(304 315 435 424)
4(314 434 435 315)
4(305 316 436 425)
4(315 435 436 316)
4(316 436 437 317)
4(306 317 437 426)
4(308 319 439 428)
4(318 438 439 319)
4(309 320 440 429)
4(319 439 440 320)
4(310 321 441 430)
4(320 440 441 321)
4(311 322 442 431)
4(321 441 442 322)
4(312 323 443 432)
4(322 442 443 323)
4(313 324 444 433)
4(323 443 444 324)
4(314 325 445 434)
4(324 444 445 325)
4(315 326 446 435)
4(325 445 446 326)
4(316 327 447 436)
4(326 446 447 327)
4(327 447 448 328)
4(317 328 448 437)
4(319 330 450 439)
4(329 449 450 330)
4(320 331 451 440)
4(330 450 451 331)
4(321 332 452 441)
4(331 451 452 332)
4(322 333 453 442)
4(332 452 453 333)
4(323 334 454 443)
4(333 453 454 334)
4(324 335 455 444)
4(334 454 455 335)
4(325 336 456 445)
4(335 455 456 336)
4(326 337 457 446)
4(336 456 457 337)
4(327 338 458 447)
4(337 457 458 338)
4(338 458 459 339)
4(328 339 459 448)
4(330 341 461 450)
4(340 460 461 341)
4(331 342 462 451)
4(341 461 462 342)
4(332 343 463 452)
4(342 462 463 343)
4(333 344 464 453)
4(343 463 464 344)
4(334 345 465 454)
4(344 464 465 345)
4(335 346 466 455)
4(345 465 466 346)
4(336 347 467 456)
4(346 466 467 347)
4(337 348 468 457)
4(347 467 468 348)
4(338 349 469 458)
4(348 468 469 349)
4(349 469 470 350)
4(339 350 470 459)
4(341 352 472 461)
4(342 353 473 462)
4(343 354 474 463)
4(344 355 475 464)
4(345 356 476 465)
4(346 357 477 466)
4(347 358 478 467)
4(348 359 479 468)
4(349 360 480 469)
4(350 361 481 470)
4(482 512 842 812)
4(21 142 842 512)
4(483 513 843 813)
4(512 842 843 513)
4(484 514 844 814)
4(513 843 844 514)
4(485 515 845 815)
4(514 844 845 515)
4(486 516 846 816)
4(515 845 846 516)
4(487 517 847 817)
4(516 846 847 517)
4(488 518 848 818)
4(517 847 848 518)
4(489 519 849 819)
4(518 848 849 519)
4(490 520 850 820)
4(519 849 850 520)
4(491 521 851 821)
4(520 850 851 521)
4(492 522 852 822)
4(521 851 852 522)
4(493 523 853 823)
4(522 852 853 523)
4(494 524 854 824)
4(523 853 854 524)
4(495 525 855 825)
4(524 854 855 525)
4(496 526 856 826)
4(525 855 856 526)
4(497 527 857 827)
4(526 856 857 527)
4(498 528 858 828)
4(527 857 858 528)
4(499 529 859 829)
4(528 858 859 529)
4(500 530 860 830)
4(529 859 860 530)
4(501 531 861 831)
4(530 860 861 531)
4(502 532 862 832)
4(531 861 862 532)
4(503 533 863 833)
4(532 862 863 533)
4(504 534 864 834)
4(533 863 864 534)
4(505 535 865 835)
4(534 864 865 535)
4(506 536 866 836)
4(535 865 866 536)
4(507 537 867 837)
4(536 866 867 537)
4(508 538 868 838)
4(537 867 868 538)
4(509 539 869 839)
4(538 868 869 539)
4(510 540 870 840)
4(539 869 870 540)
4(540 870 871 541)
4(512 542 872 842)
4(32 153 872 542)
4(513 543 873 843)
4(542 872 873 543)
4(514 544 874 844)
4(543 873 874 544)
4(515 545 875 845)
4(544 874 875 545)
4(516 546 876 846)
4(545 875 876 546)
4(517 547 877 847)
4(546 876 877 547)
4(518 548 878 848)
4(547 877 878 548)
4(519 549 879 849)
4(548 878 879 549)
4(520 550 880 850)
4(549 879 880 550)
4(521 551 881 851)
4(550 880 881 551)
4(522 552 882 852)
4(551 881 882 552)
4(523 553 883 853)
4(552 882 883 553)
4(524 554 884 854)
4(553 883 884 554)
4(525 555 885 855)
4(554 884 885 555)
4(526 556 886 856)
4(555 885 886 556)
4(527 557 887 857)
4(556 886 887 557)
4(528 558 888 858)
4(557 887 888 558)
4(529 559 889 859)
4(558 888 889 559)
4(530 560 890 860)
4(559 889 890 560)
4(531 561 891 861)
4(560 890 891 561)
4(532 562 892 862)
4(561 891 892 562)
4(533 563 893 863)
4(562 892 893 563)
4(534 564 894 864)
4(563 893 894 564)
4(535 565 895 865)
4(564 894 895 565)
4(536 566 896 866)
4(565 895 896 566)
4(537 567 897 867)
4(566 896 897 567)
4(538 568 898 868)
4(567 897 898 568)
4(539 569 899 869)
4(568 898 899 569)
4(540 570 900 870)
4(569 899 900 570)
4(570 900 901 571)
4(542 572 902 872)
4(43 164 902 572)
4(543 573 903 873)
4(572 902 903 573)
4(544 574 904 874)
4(573 903 904 574)
4(545 575 905 875)
4(574 904 905 575)
4(546 576 906 876)
4(575 905 906 576)
4(547 577 907 877)
4(576 906 907 577)
4(548 578 908 878)
4(577 907 908 578)
4(549 579 909 879)
4(578 908 909 579)
4(550 580 910 880)
4(579 909 910 580)
4(551 581 911 881)
4(580 910 911 581)
4(552 582 912 882)
4(581 911 912 582)
4(553 583 913 883)
4(582 912 913 583)
4(554 584 914 884)
4(583 913 914 584)
4(555 585 915 885)
4(584 914 915 585)
4(556 586 916 886)
4(585 915 916 586)
4(557 587 917 887)
4(586 916 917 587)
4(558 588 918 888)
4(587 917 918 588)
4(559 589 919 889)
4(588 918 919 589)
4(560 590 920 890)
4(589 919 920 590)
4(561 591 921 891)
4(590 920 921 591)
4(562 592 922 892)
4(591 921 922 592)
4(563 593 923 893)
4(592 922 923 593)
4(564 594 924 894)
4(593 923 924 594)
4(565 595 925 895)
4(594 924 925 595)
4(566 596 926 896)
4(595 925 926 596)
4(567 597 927 897)
4(596 926 927 597)
4(568 598 928 898)
4(597 927 928 598)
4(569 599 929 899)
4(598 928 929 599)
4(570 600 930 900)
4(599 929 930 600)
4(600 930 931 601)
4(572 602 932 902)
4(54 175 932 602)
4(573 603 933 903)
4(602 932 933 603)
4(574 604 934 904)
4(603 933 934 604)
4(575 605 935 905)
4(604 934 935 605)
4(576 606 936 906)
4(605 935 936 606)
4(577 607 937 907)
4(606 936 937 607)
4(578 608 938 908)
4(607 937 938 608)
4(579 609 939 909)
4(608 938 939 609)
4(580 610 940 910)
4(609 939 940 610)
4(581 611 941 911)
4(610 940 941 611)
4(582 612 942 912)
4(611 941 942 612)
4(583 613 943 913)
4(612 942 943 613)
4(584 614 944 914)
4(613 943 944 614)
4(585 615 945 915)
4(614 944 945 615)
4(586 616 946 916)
4(615 945 946 616)
4(587 617 947 917)
4(616 946 947 617)
4(588 618 948 918)
4(617 947 948 618)
4(589 619 949 919)
4(618 948 949 619)
4(590 620 950 920)
4(619 949 950 620)
4(591 621 951 921)
4(620 950 951 621)
4(592 622 952 922)
4(621 951 952 622)
4(593 623 953 923)
4(622 952 953 623)
4(594 624 954 924)
4(623 953 954 624)
4(595 625 955 925)
4(624 954 955 625)
4(596 626 956 926)
4(625 955 956 626)
4(597 627 957 927)
4(626 956 957 627)
4(598 628 958 928)
4(627 957 958 628)
4(599 629 959 929)
4(628 958 959 629)
4(600 630 960 930)
4(629 959 960 630)
4(630 960 961 631)
4(602 632 962 932)
4(65 186 962 632)
4(603 633 963 933)
4(632 962 963 633)
4(604 634 964 934)
4(633 963 964 634)
4(605 635 965 935)
4(634 964 965 635)
4(606 636 966 936)
4(635 965 966 636)
4(607 637 967 937)
4(636 966 967 637)
4(608 638 968 938)
4(637 967 968 638)
4(609 639 969 939)
4(638 968 969 639)
4(610 640 970 940)
4(639 969 970 640)
4(611 641 971 941)
4(640 970 971 641)
4(612 642 972 942)
4(641 971 972 642)
4(613 643 973 943)
4(642 972 973 643)
4(614 644 974 944)
4(643 973 974 644)
4(615 645 975 945)
4(644 974 975 645)
4(616 646 976 946)
4(645 975 976 646)
4(617 647 977 947)
4(646 976 977 647)
4(618 648 978 948)
4(647 977 978 648)
4(619 649 979 949)
4(648 978 979 649)
4(620 650 980 950)
4(649 979 980 650)
4(621 651 981 951)
4(650 980 981 651)
4(622 652 982 952)
4(651 981 982 652)
4(623 653 983 953)
4(652 982 983 653)
4(624 654 984 954)
4(653 983 984 654)
4(625 655 985 955)
4(654 984 985 655)
4(626 656 986 956)
4(655 985 986 656)
4(627 657 987 957)
4(656 986 987 657)
4(628 658 988 958)
4(657 987 988 658)
4(629 659 989 959)
4(658 988 989 659)
4(630 660 990 960)
4(659 989 990 660)
4(660 990 991 661)
4(632 662 992 962)
4(76 197 992 662)
4(633 663 993 963)
4(662 992 993 663)
4(634 664 994 964)
4(663 993 994 664)
4(635 665 995 965)
4(664 994 995 665)
4(636 666 996 966)
4(665 995 996 666)
4(637 667 997 967)
4(666 996 997 667)
4(638 668 998 968)
4(667 997 998 668)
4(639 669 999 969)
4(668 998 999 669)
4(640 670 1000 970)
4(669 999 1000 670)
4(641 671 1001 971)
4(670 1000 1001 671)
4(642 672 1002 972)
4(671 1001 1002 672)
4(643 673 1003 973)
4(672 1002 1003 673)
4(644 674 1004 974)
4(673 1003 1004 674)
4(645 675 1005 975)
4(674 1004 1005 675)
4(646 676 1006 976)
4(675 1005 1006 676)
4(647 677 1007 977)
4(676 1006 1007 677)
4(648 678 1008 978)
4(677 1007 1008 678)
4(649 679 1009 979)
4(678 1008 1009 679)
4(650 680 1010 980)
4(679 1009 1010 680)
4(651 681 1011 981)
4(680 1010 1011 681)
4(652 682 1012 982)
4(681 1011 1012 682)
4(653 683 1013 983)
4(682 1012 1013 683)
4(654 684 1014 984)
4(683 1013 1014 684)
4(655 685 1015 985)
4(684 1014 1015 685)
4(656 686 1016 986)
4(685 1015 1016 686)
4(657 687 1017 987)
4(686 1016 1017 687)
4(658 688 1018 988)
4(687 1017 1018 688)
4(659 689 1019 989)
4(688 1018 1019 689)
4(660 690 1020 990)
4(689 1019 1020 690)
4(690 1020 1021 691)
4(662 692 1022 992)
4(87 208 1022 692)
4(663 693 1023 993)
4(692 1022 1023 693)
4(664 694 1024 994)
4(693 1023 1024 694)
4(665 695 1025 995)
4(694 1024 1025 695)
4(666 696 1026 996)
4(695 1025 1026 696)
4(667 697 1027 997)
4(696 1026 1027 697)
4(668 698 1028 998)
4(697 1027 1028 698)
4(669 699 1029 999)
4(698 1028 1029 699)
4(670 700 1030 1000)
4(699 1029 1030 700)
4(671 701 1031 1001)
4(700 1030 1031 701)
4(672 702 1032 1002)
4(701 1031 1032 702)
4(673 703 1033 1003)
4(702 1032 1033 703)
4(674 704 1034 1004)
4(703 1033 1034 704)
4(675 705 1035 1005)
4(704 1034 1035 705)
4(676 706 1036 1006)
4(705 1035 1036 706)
4(677 707 1037 1007)
4(706 1036 1037 707)
4(678 708 1038 1008)
4(707 1037 1038 708)
4(679 709 1039 1009)
4(708 1038 1039 709)
4(680 710 1040 1010)
4(709 1039 1040 710)
4(681 711 1041 1011)
4(710 1040 1041 711)
4(682 712 1042 1012)
4(711 1041 1042 712)
4(683 713 1043 1013)
4(712 1042 1043 713)
4(684 714 1044 1014)
4(713 1043 1044 714)
4(685 715 1045 1015)
4(714 1044 1045 715)
4(686 716 1046 1016)
4(715 1045 1046 716)
4(687 717 1047 1017)
4(716 1046 1047 717)
4(688 718 1048 1018)
4(717 1047 1048 718)
4(689 719 1049 1019)
4(718 1048 1049 719)
4(690 720 1050 1020)
4(719 1049 1050 720)
4(720 1050 1051 721)
4(692 722 1052 1022)
4(98 219 1052 722)
4(693 723 1053 1023)
4(722 1052 1053 723)
4(694 724 1054 1024)
4(723 1053 1054 724)
4(695 725 1055 1025)
4(724 1054 1055 725)
4(696 726 1056 1026)
4(725 1055 1056 726)
4(697 727 1057 1027)
4(726 1056 1057 727)
4(698 728 1058 1028)
4(727 1057 1058 728)
4(699 729 1059 1029)
4(728 1058 1059 729)
4(700 730 1060 1030)
4(729 1059 1060 730)
4(701 731 1061 1031)
4(730 1060 1061 731)
4(702 732 1062 1032)
4(731 1061 1062 732)
4(703 733 1063 1033)
4(732 1062 1063 733)
4(704 734 1064 1034)
4(733 1063 1064 734)
4(705 735 1065 1035)
4(734 1064 1065 735)
4(706 736 1066 1036)
4(735 1065 1066 736)
4(707 737 1067 1037)
4(736 1066 1067 737)
4(708 738 1068 1038)
4(737 1067 1068 738)
4(709 739 1069 1039)
4(738 1068 1069 739)
4(710 740 1070 1040)
4(739 1069 1070 740)
4(711 741 1071 1041)
4(740 1070 1071 741)
4(712 742 1072 1042)
4(741 1071 1072 742)
4(713 743 1073 1043)
4(742 1072 1073 743)
4(714 744 1074 1044)
4(743 1073 1074 744)
4(715 745 1075 1045)
4(744 1074 1075 745)
4(716 746 1076 1046)
4(745 1075 1076 746)
4(717 747 1077 1047)
4(746 1076 1077 747)
4(718 748 1078 1048)
4(747 1077 1078 748)
4(719 749 1079 1049)
4(748 1078 1079 749)
4(720 750 1080 1050)
4(749 1079 1080 750)
4(750 1080 1081 751)
4(722 752 1082 1052)
4(109 230 1082 752)
4(723 753 1083 1053)
4(752 1082 1083 753)
4(724 754 1084 1054)
4(753 1083 1084 754)
4(725 755 1085 1055)
4(754 1084 1085 755)
4(726 756 1086 1056)
4(755 1085 1086 756)
4(727 757 1087 1057)
4(756 1086 1087 757)
4(728 758 1088 1058)
4(757 1087 1088 758)
4(729 759 1089 1059)
4(758 1088 1089 759)
4(730 760 1090 1060)
4(759 1089 1090 760)
4(731 761 1091 1061)
4(760 1090 1091 761)
4(732 762 1092 1062)
4(761 1091 1092 762)
4(733 763 1093 1063)
4(762 1092 1093 763)
4(734 764 1094 1064)
4(763 1093 1094 764)
4(735 765 1095 1065)
4(764 1094 1095 765)
4(736 766 1096 1066)
4(765 1095 1096 766)
4(737 767 1097 1067)
4(766 1096 1097 767)
4(738 768 1098 1068)
4(767 1097 1098 768)
4(739 769 1099 1069)
4(768 1098 1099 769)
4(740 770 1100 1070)
4(769 1099 1100 770)
4(741 771 1101 1071)
4(770 1100 1101 771)
4(742 772 1102 1072)
4(771 1101 1102 772)
4(743 773 1103 1073)
4(772 1102 1103 773)
4(744 774 1104 1074)
4(773 1103 1104 774)
4(745 775 1105 1075)
4(774 1104 1105 775)
4(746 776 1106 1076)
4(775 1105 1106 776)
4(747 777 1107 1077)
4(776 1106 1107 777)
4(748 778 1108 1078)
4(777 1107 1108 778)
4(749 779 1109 1079)
4(778 1108 1109 779)
4(750 780 1110 1080)
4(779 1109 1110 780)
4(780 1110 1111 781)
4(752 782 1112 1082)
4(120 241 1112 782)
4(753 783 1113 1083)
4(782 1112 1113 783)
4(754 784 1114 1084)
4(783 1113 1114 784)
4(755 785 1115 1085)
4(784 1114 1115 785)
4(756 786 1116 1086)
4(785 1115 1116 786)
4(757 787 1117 1087)
4(786 1116 1117 787)
4(758 788 1118 1088)
4(787 1117 1118 788)
4(759 789 1119 1089)
4(788 1118 1119 789)
4(760 790 1120 1090)
4(789 1119 1120 790)
4(761 791 1121 1091)
4(790 1120 1121 791)
4(762 792 1122 1092)
4(791 1121 1122 792)
4(763 793 1123 1093)
4(792 1122 1123 793)
4(764 794 1124 1094)
4(793 1123 1124 794)
4(765 795 1125 1095)
4(794 1124 1125 795)
4(766 796 1126 1096)
4(795 1125 1126 796)
4(767 797 1127 1097)
4(796 1126 1127 797)
4(768 798 1128 1098)
4(797 1127 1128 798)
4(769 799 1129 1099)
4(798 1128 1129 799)
4(770 800 1130 1100)
4(799 1129 1130 800)
4(771 801 1131 1101)
4(800 1130 1131 801)
4(772 802 1132 1102)
4(801 1131 1132 802)
4(773 803 1133 1103)
4(802 1132 1133 803)
4(774 804 1134 1104)
4(803 1133 1134 804)
4(775 805 1135 1105)
4(804 1134 1135 805)
4(776 806 1136 1106)
4(805 1135 1136 806)
4(777 807 1137 1107)
4(806 1136 1137 807)
4(778 808 1138 1108)
4(807 1137 1138 808)
4(779 809 1139 1109)
4(808 1138 1139 809)
4(780 810 1140 1110)
4(809 1139 1140 810)
4(810 1140 1141 811)
4(782 1142 1442 1112)
4(262 382 1442 1142)
4(783 1143 1443 1113)
4(1142 1442 1443 1143)
4(784 1144 1444 1114)
4(1143 1443 1444 1144)
4(785 1145 1445 1115)
4(1144 1444 1445 1145)
4(786 1146 1446 1116)
4(1145 1445 1446 1146)
4(787 1147 1447 1117)
4(1146 1446 1447 1147)
4(788 1148 1448 1118)
4(1147 1447 1448 1148)
4(789 1149 1449 1119)
4(1148 1448 1449 1149)
4(790 1150 1450 1120)
4(1149 1449 1450 1150)
4(791 1151 1451 1121)
4(1150 1450 1451 1151)
4(792 1152 1452 1122)
4(1151 1451 1452 1152)
4(793 1153 1453 1123)
4(1152 1452 1453 1153)
4(794 1154 1454 1124)
4(1153 1453 1454 1154)
4(795 1155 1455 1125)
4(1154 1454 1455 1155)
4(796 1156 1456 1126)
4(1155 1455 1456 1156)
4(797 1157 1457 1127)
4(1156 1456 1457 1157)
4(798 1158 1458 1128)
4(1157 1457 1458 1158)
4(799 1159 1459 1129)
4(1158 1458 1459 1159)
4(800 1160 1460 1130)
4(1159 1459 1460 1160)
4(801 1161 1461 1131)
4(1160 1460 1461 1161)
4(802 1162 1462 1132)
4(1161 1461 1462 1162)
4(803 1163 1463 1133)
4(1162 1462 1463 1163)
4(804 1164 1464 1134)
4(1163 1463 1464 1164)
4(805 1165 1465 1135)
4(1164 1464 1465 1165)
4(806 1166 1466 1136)
4(1165 1465 1466 1166)
4(807 1167 1467 1137)
4(1166 1466 1467 1167)
4(808 1168 1468 1138)
4(1167 1467 1468 1168)
4(809 1169 1469 1139)
4(1168 1468 1469 1169)
4(810 1170 1470 1140)
4(1169 1469 1470 1170)
4(1170 1470 1471 1171)
4(1142 1172 1472 1442)
4(273 393 1472 1172)
4(1143 1173 1473 1443)
4(1172 1472 1473 1173)
4(1144 1174 1474 1444)
4(1173 1473 1474 1174)
4(1145 1175 1475 1445)
4(1174 1474 1475 1175)
4(1146 1176 1476 1446)
4(1175 1475 1476 1176)
4(1147 1177 1477 1447)
4(1176 1476 1477 1177)
4(1148 1178 1478 1448)
4(1177 1477 1478 1178)
4(1149 1179 1479 1449)
4(1178 1478 1479 1179)
4(1150 1180 1480 1450)
4(1179 1479 1480 1180)
4(1151 1181 1481 1451)
4(1180 1480 1481 1181)
4(1152 1182 1482 1452)
4(1181 1481 1482 1182)
4(1153 1183 1483 1453)
4(1182 1482 1483 1183)
4(1154 1184 1484 1454)
4(1183 1483 1484 1184)
4(1155 1185 1485 1455)
4(1184 1484 1485 1185)
4(1156 1186 1486 1456)
4(1185 1485 1486 1186)
4(1157 1187 1487 1457)
4(1186 1486 1487 1187)
4(1158 1188 1488 1458)
4(1187 1487 1488 1188)
4(1159 1189 1489 1459)
4(1188 1488 1489 1189)
4(1160 1190 1490 1460)
4(1189 1489 1490 1190)
4(1161 1191 1491 1461)
4(1190 1490 1491 1191)
4(1162 1192 1492 1462)
4(1191 1491 1492 1192)
4(1163 1193 1493 1463)
4(1192 1492 1493 1193)
4(1164 1194 1494 1464)
4(1193 1493 1494 1194)
4(1165 1195 1495 1465)
4(1194 1494 1495 1195)
4(1166 1196 1496 1466)
4(1195 1495 1496 1196)
4(1167 1197 1497 1467)
4(1196 1496 1497 1197)
4(1168 1198 1498 1468)
4(1197 1497 1498 1198)
4(1169 1199 1499 1469)
4(1198 1498 1499 1199)
4(1170 1200 1500 1470)
4(1199 1499 1500 1200)
4(1200 1500 1501 1201)
4(1172 1202 1502 1472)
4(284 404 1502 1202)
4(1173 1203 1503 1473)
4(1202 1502 1503 1203)
4(1174 1204 1504 1474)
4(1203 1503 1504 1204)
4(1175 1205 1505 1475)
4(1204 1504 1505 1205)
4(1176 1206 1506 1476)
4(1205 1505 1506 1206)
4(1177 1207 1507 1477)
4(1206 1506 1507 1207)
4(1178 1208 1508 1478)
4(1207 1507 1508 1208)
4(1179 1209 1509 1479)
4(1208 1508 1509 1209)
4(1180 1210 1510 1480)
4(1209 1509 1510 1210)
4(1181 1211 1511 1481)
4(1210 1510 1511 1211)
4(1182 1212 1512 1482)
4(1211 1511 1512 1212)
4(1183 1213 1513 1483)
4(1212 1512 1513 1213)
4(1184 1214 1514 1484)
4(1213 1513 1514 1214)
4(1185 1215 1515 1485)
4(1214 1514 1515 1215)
4(1186 1216 1516 1486)
4(1215 1515 1516 1216)
4(1187 1217 1517 1487)
4(1216 1516 1517 1217)
4(1188 1218 1518 1488)
4(1217 1517 1518 1218)
4(1189 1219 1519 1489)
4(1218 1518 1519 1219)
4(1190 1220 1520 1490)
4(1219 1519 1520 1220)
4(1191 1221 1521 1491)
4(1220 1520 1521 1221)
4(1192 1222 1522 1492)
4(1221 1521 1522 1222)
4(1193 1223 1523 1493)
4(1222 1522 1523 1223)
4(1194 1224 1524 1494)
4(1223 1523 1524 1224)
4(1195 1225 1525 1495)
4(1224 1524 1525 1225)
4(1196 1226 1526 1496)
4(1225 1525 1526 1226)
4(1197 1227 1527 1497)
4(1226 1526 1527 1227)
4(1198 1228 1528 1498)
4(1227 1527 1528 1228)
4(1199 1229 1529 1499)
4(1228 1528 1529 1229)
4(1200 1230 1530 1500)
4(1229 1529 1530 1230)
4(1230 1530 1531 1231)
4(1202 1232 1532 1502)
4(295 415 1532 1232)
4(1203 1233 1533 1503)
4(1232 1532 1533 1233)
4(1204 1234 1534 1504)
4(1233 1533 1534 1234)
4(1205 1235 1535 1505)
4(1234 1534 1535 1235)
4(1206 1236 1536 1506)
4(1235 1535 1536 1236)
4(1207 1237 1537 1507)
4(1236 1536 1537 1237)
4(1208 1238 1538 1508)
4(1237 1537 1538 1238)
4(1209 1239 1539 1509)
4(1238 1538 1539 1239)
4(1210 1240 1540 1510)
4(1239 1539 1540 1240)
4(1211 1241 1541 1511)
4(1240 1540 1541 1241)
4(1212 1242 1542 1512)
4(1241 1541 1542 1242)
4(1213 1243 1543 1513)
4(1242 1542 1543 1243)
4(1214 1244 1544 1514)
4(1243 1543 1544 1244)
4(1215 1245 1545 1515)
4(1244 1544 1545 1245)
4(1216 1246 1546 1516)
4(1245 1545 1546 1246)
4(1217 1247 1547 1517)
4(1246 1546 1547 1247)
4(1218 1248 1548 1518)
4(1247 1547 1548 1248)
4(1219 1249 1549 1519)
4(1248 1548 1549 1249)
4(1220 1250 1550 1520)
4(1249 1549 1550 1250)
4(1221 1251 1551 1521)
4(1250 1550 1551 1251)
4(1222 1252 1552 1522)
4(1251 1551 1552 1252)
4(1223 1253 1553 1523)
4(1252 1552 1553 1253)
4(1224 1254 1554 1524)
4(1253 1553 1554 1254)
4(1225 1255 1555 1525)
4(1254 1554 1555 1255)
4(1226 1256 1556 1526)
4(1255 1555 1556 1256)
4(1227 1257 1557 1527)
4(1256 1556 1557 1257)
4(1228 1258 1558 1528)
4(1257 1557 1558 1258)
4(1229 1259 1559 1529)
4(1258 1558 1559 1259)
4(1230 1260 1560 1530)
4(1259 1559 1560 1260)
4(1260 1560 1561 1261)
4(1232 1262 1562 1532)
4(306 426 1562 1262)
4(1233 1263 1563 1533)
4(1262 1562 1563 1263)
4(1234 1264 1564 1534)
4(1263 1563 1564 1264)
4(1235 1265 1565 1535)
4(1264 1564 1565 1265)
4(1236 1266 1566 1536)
4(1265 1565 1566 1266)
4(1237 1267 1567 1537)
4(1266 1566 1567 1267)
4(1238 1268 1568 1538)
4(1267 1567 1568 1268)
4(1239 1269 1569 1539)
4(1268 1568 1569 1269)
4(1240 1270 1570 1540)
4(1269 1569 1570 1270)
4(1241 1271 1571 1541)
4(1270 1570 1571 1271)
4(1242 1272 1572 1542)
4(1271 1571 1572 1272)
4(1243 1273 1573 1543)
4(1272 1572 1573 1273)
4(1244 1274 1574 1544)
4(1273 1573 1574 1274)
4(1245 1275 1575 1545)
4(1274 1574 1575 1275)
4(1246 1276 1576 1546)
4(1275 1575 1576 1276)
4(1247 1277 1577 1547)
4(1276 1576 1577 1277)
4(1248 1278 1578 1548)
4(1277 1577 1578 1278)
4(1249 1279 1579 1549)
4(1278 1578 1579 1279)
4(1250 1280 1580 1550)
4(1279 1579 1580 1280)
4(1251 1281 1581 1551)
4(1280 1580 1581 1281)
4(1252 1282 1582 1552)
4(1281 1581 1582 1282)
4(1253 1283 1583 1553)
4(1282 1582 1583 1283)
4(1254 1284 1584 1554)
4(1283 1583 1584 1284)
4(1255 1285 1585 1555)
4(1284 1584 1585 1285)
4(1256 1286 1586 1556)
4(1285 1585 1586 1286)
4(1257 1287 1587 1557)
4(1286 1586 1587 1287)
4(1258 1288 1588 1558)
4(1287 1587 1588 1288)
4(1259 1289 1589 1559)
4(1288 1588 1589 1289)
4(1260 1290 1590 1560)
4(1289 1589 1590 1290)
4(1290 1590 1591 1291)
4(1262 1292 1592 1562)
4(317 437 1592 1292)
4(1263 1293 1593 1563)
4(1292 1592 1593 1293)
4(1264 1294 1594 1564)
4(1293 1593 1594 1294)
4(1265 1295 1595 1565)
4(1294 1594 1595 1295)
4(1266 1296 1596 1566)
4(1295 1595 1596 1296)
4(1267 1297 1597 1567)
4(1296 1596 1597 1297)
4(1268 1298 1598 1568)
4(1297 1597 1598 1298)
4(1269 1299 1599 1569)
4(1298 1598 1599 1299)
4(1270 1300 1600 1570)
4(1299 1599 1600 1300)
4(1271 1301 1601 1571)
4(1300 1600 1601 1301)
4(1272 1302 1602 1572)
4(1301 1601 1602 1302)
4(1273 1303 1603 1573)
4(1302 1602 1603 1303)
4(1274 1304 1604 1574)
4(1303 1603 1604 1304)
4(1275 1305 1605 1575)
4(1304 1604 1605 1305)
4(1276 1306 1606 1576)
4(1305 1605 1606 1306)
4(1277 1307 1607 1577)
4(1306 1606 1607 1307)
4(1278 1308 1608 1578)
4(1307 1607 1608 1308)
4(1279 1309 1609 1579)
4(1308 1608 1609 1309)
4(1280 1310 1610 1580)
4(1309 1609 1610 1310)
4(1281 1311 1611 1581)
4(1310 1610 1611 1311)
4(1282 1312 1612 1582)
4(1311 1611 1612 1312)
4(1283 1313 1613 1583)
4(1312 1612 1613 1313)
4(1284 1314 1614 1584)
4(1313 1613 1614 1314)
4(1285 1315 1615 1585)
4(1314 1614 1615 1315)
4(1286 1316 1616 1586)
4(1315 1615 1616 1316)
4(1287 1317 1617 1587)
4(1316 1616 1617 1317)
4(1288 1318 1618 1588)
4(1317 1617 1618 1318)
4(1289 1319 1619 1589)
4(1318 1618 1619 1319)
4(1290 1320 1620 1590)
4(1319 1619 1620 1320)
4(1320 1620 1621 1321)
4(1292 1322 1622 1592)
4(328 448 1622 1322)
4(1293 1323 1623 1593)
4(1322 1622 1623 1323)
4(1294 1324 1624 1594)
4(1323 1623 1624 1324)
4(1295 1325 1625 1595)
4(1324 1624 1625 1325)
4(1296 1326 1626 1596)
4(1325 1625 1626 1326)
4(1297 1327 1627 1597)
4(1326 1626 1627 1327)
4(1298 1328 1628 1598)
4(1327 1627 1628 1328)
4(1299 1329 1629 1599)
4(1328 1628 1629 1329)
4(1300 1330 1630 1600)
4(1329 1629 1630 1330)
4(1301 1331 1631 1601)
4(1330 1630 1631 1331)
4(1302 1332 1632 1602)
4(1331 1631 1632 1332)
4(1303 1333 1633 1603)
4(1332 1632 1633 1333)
4(1304 1334 1634 1604)
4(1333 1633 1634 1334)
4(1305 1335 1635 1605)
4(1334 1634 1635 1335)
4(1306 1336 1636 1606)
4(1335 1635 1636 1336)
4(1307 1337 1637 1607)
4(1336 1636 1637 1337)
4(1308 1338 1638 1608)
4(1337 1637 1638 1338)
4(1309 1339 1639 1609)
4(1338 1638 1639 1339)
4(1310 1340 1640 1610)
4(1339 1639 1640 1340)
4(1311 1341 1641 1611)
4(1340 1640 1641 1341)
4(1312 1342 1642 1612)
4(1341 1641 1642 1342)
4(1313 1343 1643 1613)
4(1342 1642 1643 1343)
4(1314 1344 1644 1614)
4(1343 1643 1644 1344)
4(1315 1345 1645 1615)
4(1344 1644 1645 1345)
4(1316 1346 1646 1616)
4(1345 1645 1646 1346)
4(1317 1347 1647 1617)
4(1346 1646 1647 1347)
4(1318 1348 1648 1618)
4(1347 1647 1648 1348)
4(1319 1349 1649 1619)
4(1348 1648 1649 1349)
4(1320 1350 1650 1620)
4(1349 1649 1650 1350)
4(1350 1650 1651 1351)
4(1322 1352 1652 1622)
4(339 459 1652 1352)
4(1323 1353 1653 1623)
4(1352 1652 1653 1353)
4(1324 1354 1654 1624)
4(1353 1653 1654 1354)
4(1325 1355 1655 1625)
4(1354 1654 1655 1355)
4(1326 1356 1656 1626)
4(1355 1655 1656 1356)
4(1327 1357 1657 1627)
4(1356 1656 1657 1357)
4(1328 1358 1658 1628)
4(1357 1657 1658 1358)
4(1329 1359 1659 1629)
4(1358 1658 1659 1359)
4(1330 1360 1660 1630)
4(1359 1659 1660 1360)
4(1331 1361 1661 1631)
4(1360 1660 1661 1361)
4(1332 1362 1662 1632)
4(1361 1661 1662 1362)
4(1333 1363 1663 1633)
4(1362 1662 1663 1363)
4(1334 1364 1664 1634)
4(1363 1663 1664 1364)
4(1335 1365 1665 1635)
4(1364 1664 1665 1365)
4(1336 1366 1666 1636)
4(1365 1665 1666 1366)
4(1337 1367 1667 1637)
4(1366 1666 1667 1367)
4(1338 1368 1668 1638)
4(1367 1667 1668 1368)
4(1339 1369 1669 1639)
4(1368 1668 1669 1369)
4(1340 1370 1670 1640)
4(1369 1669 1670 1370)
4(1341 1371 1671 1641)
4(1370 1670 1671 1371)
4(1342 1372 1672 1642)
4(1371 1671 1672 1372)
4(1343 1373 1673 1643)
4(1372 1672 1673 1373)
4(1344 1374 1674 1644)
4(1373 1673 1674 1374)
4(1345 1375 1675 1645)
4(1374 1674 1675 1375)
4(1346 1376 1676 1646)
4(1375 1675 1676 1376)
4(1347 1377 1677 1647)
4(1376 1676 1677 1377)
4(1348 1378 1678 1648)
4(1377 1677 1678 1378)
4(1349 1379 1679 1649)
4(1378 1678 1679 1379)
4(1350 1380 1680 1650)
4(1379 1679 1680 1380)
4(1380 1680 1681 1381)
4(1352 1382 1682 1652)
4(350 470 1682 1382)
4(1353 1383 1683 1653)
4(1382 1682 1683 1383)
4(1354 1384 1684 1654)
4(1383 1683 1684 1384)
4(1355 1385 1685 1655)
4(1384 1684 1685 1385)
4(1356 1386 1686 1656)
4(1385 1685 1686 1386)
4(1357 1387 1687 1657)
4(1386 1686 1687 1387)
4(1358 1388 1688 1658)
4(1387 1687 1688 1388)
4(1359 1389 1689 1659)
4(1388 1688 1689 1389)
4(1360 1390 1690 1660)
4(1389 1689 1690 1390)
4(1361 1391 1691 1661)
4(1390 1690 1691 1391)
4(1362 1392 1692 1662)
4(1391 1691 1692 1392)
4(1363 1393 1693 1663)
4(1392 1692 1693 1393)
4(1364 1394 1694 1664)
4(1393 1693 1694 1394)
4(1365 1395 1695 1665)
4(1394 1694 1695 1395)
4(1366 1396 1696 1666)
4(1395 1695 1696 1396)
4(1367 1397 1697 1667)
4(1396 1696 1697 1397)
4(1368 1398 1698 1668)
4(1397 1697 1698 1398)
4(1369 1399 1699 1669)
4(1398 1698 1699 1399)
4(1370 1400 1700 1670)
4(1399 1699 1700 1400)
4(1371 1401 1701 1671)
4(1400 1700 1701 1401)
4(1372 1402 1702 1672)
4(1401 1701 1702 1402)
4(1373 1403 1703 1673)
4(1402 1702 1703 1403)
4(1374 1404 1704 1674)
4(1403 1703 1704 1404)
4(1375 1405 1705 1675)
4(1404 1704 1705 1405)
4(1376 1406 1706 1676)
4(1405 1705 1706 1406)
4(1377 1407 1707 1677)
4(1406 1706 1707 1407)
4(1378 1408 1708 1678)
4(1407 1707 1708 1408)
4(1379 1409 1709 1679)
4(1408 1708 1709 1409)
4(1380 1410 1710 1680)
4(1409 1709 1710 1410)
4(1410 1710 1711 1411)
4(1382 1412 1712 1682)
4(1383 1413 1713 1683)
4(1384 1414 1714 1684)
4(1385 1415 1715 1685)
4(1386 1416 1716 1686)
4(1387 1417 1717 1687)
4(1388 1418 1718 1688)
4(1389 1419 1719 1689)
4(1390 1420 1720 1690)
4(1391 1421 1721 1691)
4(1392 1422 1722 1692)
4(1393 1423 1723 1693)
4(1394 1424 1724 1694)
4(1395 1425 1725 1695)
4(1396 1426 1726 1696)
4(1397 1427 1727 1697)
4(1398 1428 1728 1698)
4(1399 1429 1729 1699)
4(1400 1430 1730 1700)
4(1401 1431 1731 1701)
4(1402 1432 1732 1702)
4(1403 1433 1733 1703)
4(1404 1434 1734 1704)
4(1405 1435 1735 1705)
4(1406 1436 1736 1706)
4(1407 1437 1737 1707)
4(1408 1438 1738 1708)
4(1409 1439 1739 1709)
4(1410 1440 1740 1710)
4(110 231 232 111)
4(111 232 233 112)
4(112 233 234 113)
4(113 234 235 114)
4(114 235 236 115)
4(115 236 237 116)
4(116 237 238 117)
4(117 238 239 118)
4(118 239 240 119)
4(119 240 241 120)
4(0 1 122 121)
4(1 2 123 122)
4(2 3 124 123)
4(3 4 125 124)
4(4 5 126 125)
4(5 6 127 126)
4(6 7 128 127)
4(7 8 129 128)
4(8 9 130 129)
4(9 10 131 130)
4(10 482 812 131)
4(482 483 813 812)
4(483 484 814 813)
4(484 485 815 814)
4(485 486 816 815)
4(486 487 817 816)
4(487 488 818 817)
4(488 489 819 818)
4(489 490 820 819)
4(490 491 821 820)
4(491 492 822 821)
4(492 493 823 822)
4(493 494 824 823)
4(494 495 825 824)
4(495 496 826 825)
4(496 497 827 826)
4(497 498 828 827)
4(498 499 829 828)
4(499 500 830 829)
4(500 501 831 830)
4(501 502 832 831)
4(502 503 833 832)
4(503 504 834 833)
4(504 505 835 834)
4(505 506 836 835)
4(506 507 837 836)
4(507 508 838 837)
4(508 509 839 838)
4(509 510 840 839)
4(510 511 841 840)
4(361 481 1712 1412)
4(1412 1712 1713 1413)
4(1413 1713 1714 1414)
4(1414 1714 1715 1415)
4(1415 1715 1716 1416)
4(1416 1716 1717 1417)
4(1417 1717 1718 1418)
4(1418 1718 1719 1419)
4(1419 1719 1720 1420)
4(1420 1720 1721 1421)
4(1421 1721 1722 1422)
4(1422 1722 1723 1423)
4(1423 1723 1724 1424)
4(1424 1724 1725 1425)
4(1425 1725 1726 1426)
4(1426 1726 1727 1427)
4(1427 1727 1728 1428)
4(1428 1728 1729 1429)
4(1429 1729 1730 1430)
4(1430 1730 1731 1431)
4(1431 1731 1732 1432)
4(1432 1732 1733 1433)
4(1433 1733 1734 1434)
4(1434 1734 1735 1435)
4(1435 1735 1736 1436)
4(1436 1736 1737 1437)
4(1437 1737 1738 1438)
4(1438 1738 1739 1439)
4(1439 1739 1740 1440)
4(1440 1740 1741 1441)
4(242 243 363 362)
4(243 244 364 363)
4(244 245 365 364)
4(245 246 366 365)
4(246 247 367 366)
4(247 248 368 367)
4(248 249 369 368)
4(249 250 370 369)
4(250 251 371 370)
4(251 120 241 371)
4(351 471 472 352)
4(352 472 473 353)
4(353 473 474 354)
4(354 474 475 355)
4(355 475 476 356)
4(356 476 477 357)
4(357 477 478 358)
4(358 478 479 359)
4(359 479 480 360)
4(360 480 481 361)
4(242 362 372 252)
4(252 372 383 263)
4(263 383 394 274)
4(274 394 405 285)
4(285 405 416 296)
4(296 416 427 307)
4(307 427 438 318)
4(318 438 449 329)
4(329 449 460 340)
4(340 460 471 351)
4(0 121 132 11)
4(11 132 143 22)
4(22 143 154 33)
4(33 154 165 44)
4(44 165 176 55)
4(55 176 187 66)
4(66 187 198 77)
4(77 198 209 88)
4(88 209 220 99)
4(99 220 231 110)
4(511 541 871 841)
4(541 571 901 871)
4(571 601 931 901)
4(601 631 961 931)
4(631 661 991 961)
4(661 691 1021 991)
4(691 721 1051 1021)
4(721 751 1081 1051)
4(751 781 1111 1081)
4(781 811 1141 1111)
4(811 1171 1471 1141)
4(1171 1201 1501 1471)
4(1201 1231 1531 1501)
4(1231 1261 1561 1531)
4(1261 1291 1591 1561)
4(1291 1321 1621 1591)
4(1321 1351 1651 1621)
4(1351 1381 1681 1651)
4(1381 1411 1711 1681)
4(1411 1441 1741 1711)
4(0 11 12 1)
4(11 22 23 12)
4(22 33 34 23)
4(33 44 45 34)
4(44 55 56 45)
4(55 66 67 56)
4(66 77 78 67)
4(77 88 89 78)
4(88 99 100 89)
4(99 110 111 100)
4(1 12 13 2)
4(12 23 24 13)
4(23 34 35 24)
4(34 45 46 35)
4(45 56 57 46)
4(56 67 68 57)
4(67 78 79 68)
4(78 89 90 79)
4(89 100 101 90)
4(100 111 112 101)
4(2 13 14 3)
4(13 24 25 14)
4(24 35 36 25)
4(35 46 47 36)
4(46 57 58 47)
4(57 68 69 58)
4(68 79 80 69)
4(79 90 91 80)
4(90 101 102 91)
4(101 112 113 102)
4(3 14 15 4)
4(14 25 26 15)
4(25 36 37 26)
4(36 47 48 37)
4(47 58 59 48)
4(58 69 70 59)
4(69 80 81 70)
4(80 91 92 81)
4(91 102 103 92)
4(102 113 114 103)
4(4 15 16 5)
4(15 26 27 16)
4(26 37 38 27)
4(37 48 49 38)
4(48 59 60 49)
4(59 70 71 60)
4(70 81 82 71)
4(81 92 93 82)
4(92 103 104 93)
4(103 114 115 104)
4(5 16 17 6)
4(16 27 28 17)
4(27 38 39 28)
4(38 49 50 39)
4(49 60 61 50)
4(60 71 72 61)
4(71 82 83 72)
4(82 93 94 83)
4(93 104 105 94)
4(104 115 116 105)
4(6 17 18 7)
4(17 28 29 18)
4(28 39 40 29)
4(39 50 51 40)
4(50 61 62 51)
4(61 72 73 62)
4(72 83 84 73)
4(83 94 95 84)
4(94 105 106 95)
4(105 116 117 106)
4(7 18 19 8)
4(18 29 30 19)
4(29 40 41 30)
4(40 51 52 41)
4(51 62 63 52)
4(62 73 74 63)
4(73 84 85 74)
4(84 95 96 85)
4(95 106 107 96)
4(106 117 118 107)
4(8 19 20 9)
4(19 30 31 20)
4(30 41 42 31)
4(41 52 53 42)
4(52 63 64 53)
4(63 74 75 64)
4(74 85 86 75)
4(85 96 97 86)
4(96 107 108 97)
4(107 118 119 108)
4(9 20 21 10)
4(20 31 32 21)
4(31 42 43 32)
4(42 53 54 43)
4(53 64 65 54)
4(64 75 76 65)
4(75 86 87 76)
4(86 97 98 87)
4(97 108 109 98)
4(108 119 120 109)
4(242 252 253 243)
4(252 263 264 253)
4(263 274 275 264)
4(274 285 286 275)
4(285 296 297 286)
4(296 307 308 297)
4(307 318 319 308)
4(318 329 330 319)
4(329 340 341 330)
4(340 351 352 341)
4(243 253 254 244)
4(253 264 265 254)
4(264 275 276 265)
4(275 286 287 276)
4(286 297 298 287)
4(297 308 309 298)
4(308 319 320 309)
4(319 330 331 320)
4(330 341 342 331)
4(341 352 353 342)
4(244 254 255 245)
4(254 265 266 255)
4(265 276 277 266)
4(276 287 288 277)
4(287 298 299 288)
4(298 309 310 299)
4(309 320 321 310)
4(320 331 332 321)
4(331 342 343 332)
4(342 353 354 343)
4(245 255 256 246)
4(255 266 267 256)
4(266 277 278 267)
4(277 288 289 278)
4(288 299 300 289)
4(299 310 311 300)
4(310 321 322 311)
4(321 332 333 322)
4(332 343 344 333)
4(343 354 355 344)
4(246 256 257 247)
4(256 267 268 257)
4(267 278 279 268)
4(278 289 290 279)
4(289 300 301 290)
4(300 311 312 301)
4(311 322 323 312)
4(322 333 334 323)
4(333 344 345 334)
4(344 355 356 345)
4(247 257 258 248)
4(257 268 269 258)
4(268 279 280 269)
4(279 290 291 280)
4(290 301 302 291)
4(301 312 313 302)
4(312 323 324 313)
4(323 334 335 324)
4(334 345 346 335)
4(345 356 357 346)
4(248 258 259 249)
4(258 269 270 259)
4(269 280 281 270)
4(280 291 292 281)
4(291 302 303 292)
4(302 313 314 303)
4(313 324 325 314)
4(324 335 336 325)
4(335 346 347 336)
4(346 357 358 347)
4(249 259 260 250)
4(259 270 271 260)
4(270 281 282 271)
4(281 292 293 282)
4(292 303 304 293)
4(303 314 315 304)
4(314 325 326 315)
4(325 336 337 326)
4(336 347 348 337)
4(347 358 359 348)
4(250 260 261 251)
4(260 271 272 261)
4(271 282 283 272)
4(282 293 294 283)
4(293 304 305 294)
4(304 315 316 305)
4(315 326 327 316)
4(326 337 338 327)
4(337 348 349 338)
4(348 359 360 349)
4(251 261 262 120)
4(261 272 273 262)
4(272 283 284 273)
4(283 294 295 284)
4(294 305 306 295)
4(305 316 317 306)
4(316 327 328 317)
4(327 338 339 328)
4(338 349 350 339)
4(349 360 361 350)
4(10 21 512 482)
4(21 32 542 512)
4(32 43 572 542)
4(43 54 602 572)
4(54 65 632 602)
4(65 76 662 632)
4(76 87 692 662)
4(87 98 722 692)
4(98 109 752 722)
4(109 120 782 752)
4(482 512 513 483)
4(512 542 543 513)
4(542 572 573 543)
4(572 602 603 573)
4(602 632 633 603)
4(632 662 663 633)
4(662 692 693 663)
4(692 722 723 693)
4(722 752 753 723)
4(752 782 783 753)
4(483 513 514 484)
4(513 543 544 514)
4(543 573 574 544)
4(573 603 604 574)
4(603 633 634 604)
4(633 663 664 634)
4(663 693 694 664)
4(693 723 724 694)
4(723 753 754 724)
4(753 783 784 754)
4(484 514 515 485)
4(514 544 545 515)
4(544 574 575 545)
4(574 604 605 575)
4(604 634 635 605)
4(634 664 665 635)
4(664 694 695 665)
4(694 724 725 695)
4(724 754 755 725)
4(754 784 785 755)
4(485 515 516 486)
4(515 545 546 516)
4(545 575 576 546)
4(575 605 606 576)
4(605 635 636 606)
4(635 665 666 636)
4(665 695 696 666)
4(695 725 726 696)
4(725 755 756 726)
4(755 785 786 756)
4(486 516 517 487)
4(516 546 547 517)
4(546 576 577 547)
4(576 606 607 577)
4(606 636 637 607)
4(636 666 667 637)
4(666 696 697 667)
4(696 726 727 697)
4(726 756 757 727)
4(756 786 787 757)
4(487 517 518 488)
4(517 547 548 518)
4(547 577 578 548)
4(577 607 608 578)
4(607 637 638 608)
4(637 667 668 638)
4(667 697 698 668)
4(697 727 728 698)
4(727 757 758 728)
4(757 787 788 758)
4(488 518 519 489)
4(518 548 549 519)
4(548 578 579 549)
4(578 608 609 579)
4(608 638 639 609)
4(638 668 669 639)
4(668 698 699 669)
4(698 728 729 699)
4(728 758 759 729)
4(758 788 789 759)
4(489 519 520 490)
4(519 549 550 520)
4(549 579 580 550)
4(579 609 610 580)
4(609 639 640 610)
4(639 669 670 640)
4(669 699 700 670)
4(699 729 730 700)
4(729 759 760 730)
4(759 789 790 760)
4(490 520 521 491)
4(520 550 551 521)
4(550 580 581 551)
4(580 610 611 581)
4(610 640 641 611)
4(640 670 671 641)
4(670 700 701 671)
4(700 730 731 701)
4(730 760 761 731)
4(760 790 791 761)
4(491 521 522 492)
4(521 551 552 522)
4(551 581 582 552)
4(581 611 612 582)
4(611 641 642 612)
4(641 671 672 642)
4(671 701 702 672)
4(701 731 732 702)
4(731 761 762 732)
4(761 791 792 762)
4(492 522 523 493)
4(522 552 553 523)
4(552 582 583 553)
4(582 612 613 583)
4(612 642 643 613)
4(642 672 673 643)
4(672 702 703 673)
4(702 732 733 703)
4(732 762 763 733)
4(762 792 793 763)
4(493 523 524 494)
4(523 553 554 524)
4(553 583 584 554)
4(583 613 614 584)
4(613 643 644 614)
4(643 673 674 644)
4(673 703 704 674)
4(703 733 734 704)
4(733 763 764 734)
4(763 793 794 764)
4(494 524 525 495)
4(524 554 555 525)
4(554 584 585 555)
4(584 614 615 585)
4(614 644 645 615)
4(644 674 675 645)
4(674 704 705 675)
4(704 734 735 705)
4(734 764 765 735)
4(764 794 795 765)
4(495 525 526 496)
4(525 555 556 526)
4(555 585 586 556)
4(585 615 616 586)
4(615 645 646 616)
4(645 675 676 646)
4(675 705 706 676)
4(705 735 736 706)
4(735 765 766 736)
4(765 795 796 766)
4(496 526 527 497)
4(526 556 557 527)
4(556 586 587 557)
4(586 616 617 587)
4(616 646 647 617)
4(646 676 677 647)
4(676 706 707 677)
4(706 736 737 707)
4(736 766 767 737)
4(766 796 797 767)
4(497 527 528 498)
4(527 557 558 528)
4(557 587 588 558)
4(587 617 618 588)
4(617 647 648 618)
4(647 677 678 648)
4(677 707 708 678)
4(707 737 738 708)
4(737 767 768 738)
4(767 797 798 768)
4(498 528 529 499)
4(528 558 559 529)
4(558 588 589 559)
4(588 618 619 589)
4(618 648 649 619)
4(648 678 679 649)
4(678 708 709 679)
4(708 738 739 709)
4(738 768 769 739)
4(768 798 799 769)
4(499 529 530 500)
4(529 559 560 530)
4(559 589 590 560)
4(589 619 620 590)
4(619 649 650 620)
4(649 679 680 650)
4(679 709 710 680)
4(709 739 740 710)
4(739 769 770 740)
4(769 799 800 770)
4(500 530 531 501)
4(530 560 561 531)
4(560 590 591 561)
4(590 620 621 591)
4(620 650 651 621)
4(650 680 681 651)
4(680 710 711 681)
4(710 740 741 711)
4(740 770 771 741)
4(770 800 801 771)
4(501 531 532 502)
4(531 561 562 532)
4(561 591 592 562)
4(591 621 622 592)
4(621 651 652 622)
4(651 681 682 652)
4(681 711 712 682)
4(711 741 742 712)
4(741 771 772 742)
4(771 801 802 772)
4(502 532 533 503)
4(532 562 563 533)
4(562 592 593 563)
4(592 622 623 593)
4(622 652 653 623)
4(652 682 683 653)
4(682 712 713 683)
4(712 742 743 713)
4(742 772 773 743)
4(772 802 803 773)
4(503 533 534 504)
4(533 563 564 534)
4(563 593 594 564)
4(593 623 624 594)
4(623 653 654 624)
4(653 683 684 654)
4(683 713 714 684)
4(713 743 744 714)
4(743 773 774 744)
4(773 803 804 774)
4(504 534 535 505)
4(534 564 565 535)
4(564 594 595 565)
4(594 624 625 595)
4(624 654 655 625)
4(654 684 685 655)
4(684 714 715 685)
4(714 744 745 715)
4(744 774 775 745)
4(774 804 805 775)
4(505 535 536 506)
4(535 565 566 536)
4(565 595 596 566)
4(595 625 626 596)
4(625 655 656 626)
4(655 685 686 656)
4(685 715 716 686)
4(715 745 746 716)
4(745 775 776 746)
4(775 805 806 776)
4(506 536 537 507)
4(536 566 567 537)
4(566 596 597 567)
4(596 626 627 597)
4(626 656 657 627)
4(656 686 687 657)
4(686 716 717 687)
4(716 746 747 717)
4(746 776 777 747)
4(776 806 807 777)
4(507 537 538 508)
4(537 567 568 538)
4(567 597 598 568)
4(597 627 628 598)
4(627 657 658 628)
4(657 687 688 658)
4(687 717 718 688)
4(717 747 748 718)
4(747 777 778 748)
4(777 807 808 778)
4(508 538 539 509)
4(538 568 569 539)
4(568 598 599 569)
4(598 628 629 599)
4(628 658 659 629)
4(658 688 689 659)
4(688 718 719 689)
4(718 748 749 719)
4(748 778 779 749)
4(778 808 809 779)
4(509 539 540 510)
4(539 569 570 540)
4(569 599 600 570)
4(599 629 630 600)
4(629 659 660 630)
4(659 689 690 660)
4(689 719 720 690)
4(719 749 750 720)
4(749 779 780 750)
4(779 809 810 780)
4(510 540 541 511)
4(540 570 571 541)
4(570 600 601 571)
4(600 630 631 601)
4(630 660 661 631)
4(660 690 691 661)
4(690 720 721 691)
4(720 750 751 721)
4(750 780 781 751)
4(780 810 811 781)
4(120 262 1142 782)
4(262 273 1172 1142)
4(273 284 1202 1172)
4(284 295 1232 1202)
4(295 306 1262 1232)
4(306 317 1292 1262)
4(317 328 1322 1292)
4(328 339 1352 1322)
4(339 350 1382 1352)
4(350 361 1412 1382)
4(782 1142 1143 783)
4(1142 1172 1173 1143)
4(1172 1202 1203 1173)
4(1202 1232 1233 1203)
4(1232 1262 1263 1233)
4(1262 1292 1293 1263)
4(1292 1322 1323 1293)
4(1322 1352 1353 1323)
4(1352 1382 1383 1353)
4(1382 1412 1413 1383)
4(783 1143 1144 784)
4(1143 1173 1174 1144)
4(1173 1203 1204 1174)
4(1203 1233 1234 1204)
4(1233 1263 1264 1234)
4(1263 1293 1294 1264)
4(1293 1323 1324 1294)
4(1323 1353 1354 1324)
4(1353 1383 1384 1354)
4(1383 1413 1414 1384)
4(784 1144 1145 785)
4(1144 1174 1175 1145)
4(1174 1204 1205 1175)
4(1204 1234 1235 1205)
4(1234 1264 1265 1235)
4(1264 1294 1295 1265)
4(1294 1324 1325 1295)
4(1324 1354 1355 1325)
4(1354 1384 1385 1355)
4(1384 1414 1415 1385)
4(785 1145 1146 786)
4(1145 1175 1176 1146)
4(1175 1205 1206 1176)
4(1205 1235 1236 1206)
4(1235 1265 1266 1236)
4(1265 1295 1296 1266)
4(1295 1325 1326 1296)
4(1325 1355 1356 1326)
4(1355 1385 1386 1356)
4(1385 1415 1416 1386)
4(786 1146 1147 787)
4(1146 1176 1177 1147)
4(1176 1206 1207 1177)
4(1206 1236 1237 1207)
4(1236 1266 1267 1237)
4(1266 1296 1297 1267)
4(1296 1326 1327 1297)
4(1326 1356 1357 1327)
4(1356 1386 1387 1357)
4(1386 1416 1417 1387)
4(787 1147 1148 788)
4(1147 1177 1178 1148)
4(1177 1207 1208 1178)
4(1207 1237 1238 1208)
4(1237 1267 1268 1238)
4(1267 1297 1298 1268)
4(1297 1327 1328 1298)
4(1327 1357 1358 1328)
4(1357 1387 1388 1358)
4(1387 1417 1418 1388)
4(788 1148 1149 789)
4(1148 1178 1179 1149)
4(1178 1208 1209 1179)
4(1208 1238 1239 1209)
4(1238 1268 1269 1239)
4(1268 1298 1299 1269)
4(1298 1328 1329 1299)
4(1328 1358 1359 1329)
4(1358 1388 1389 1359)
4(1388 1418 1419 1389)
4(789 1149 1150 790)
4(1149 1179 1180 1150)
4(1179 1209 1210 1180)
4(1209 1239 1240 1210)
4(1239 1269 1270 1240)
4(1269 1299 1300 1270)
4(1299 1329 1330 1300)
4(1329 1359 1360 1330)
4(1359 1389 1390 1360)
4(1389 1419 1420 1390)
4(790 1150 1151 791)
4(1150 1180 1181 1151)
4(1180 1210 1211 1181)
4(1210 1240 1241 1211)
4(1240 1270 1271 1241)
4(1270 1300 1301 1271)
4(1300 1330 1331 1301)
4(1330 1360 1361 1331)
4(1360 1390 1391 1361)
4(1390 1420 1421 1391)
4(791 1151 1152 792)
4(1151 1181 1182 1152)
4(1181 1211 1212 1182)
4(1211 1241 1242 1212)
4(1241 1271 1272 1242)
4(1271 1301 1302 1272)
4(1301 1331 1332 1302)
4(1331 1361 1362 1332)
4(1361 1391 1392 1362)
4(1391 1421 1422 1392)
4(792 1152 1153 793)
4(1152 1182 1183 1153)
4(1182 1212 1213 1183)
4(1212 1242 1243 1213)
4(1242 1272 1273 1243)
4(1272 1302 1303 1273)
4(1302 1332 1333 1303)
4(1332 1362 1363 1333)
4(1362 1392 1393 1363)
4(1392 1422 1423 1393)
4(793 1153 1154 794)
4(1153 1183 1184 1154)
4(1183 1213 1214 1184)
4(1213 1243 1244 1214)
4(1243 1273 1274 1244)
4(1273 1303 1304 1274)
4(1303 1333 1334 1304)
4(1333 1363 1364 1334)
4(1363 1393 1394 1364)
4(1393 1423 1424 1394)
4(794 1154 1155 795)
4(1154 1184 1185 1155)
4(1184 1214 1215 1185)
4(1214 1244 1245 1215)
4(1244 1274 1275 1245)
4(1274 1304 1305 1275)
4(1304 1334 1335 1305)
4(1334 1364 1365 1335)
4(1364 1394 1395 1365)
4(1394 1424 1425 1395)
4(795 1155 1156 796)
4(1155 1185 1186 1156)
4(1185 1215 1216 1186)
4(1215 1245 1246 1216)
4(1245 1275 1276 1246)
4(1275 1305 1306 1276)
4(1305 1335 1336 1306)
4(1335 1365 1366 1336)
4(1365 1395 1396 1366)
4(1395 1425 1426 1396)
4(796 1156 1157 797)
4(1156 1186 1187 1157)
4(1186 1216 1217 1187)
4(1216 1246 1247 1217)
4(1246 1276 1277 1247)
4(1276 1306 1307 1277)
4(1306 1336 1337 1307)
4(1336 1366 1367 1337)
4(1366 1396 1397 1367)
4(1396 1426 1427 1397)
4(797 1157 1158 798)
4(1157 1187 1188 1158)
4(1187 1217 1218 1188)
4(1217 1247 1248 1218)
4(1247 1277 1278 1248)
4(1277 1307 1308 1278)
4(1307 1337 1338 1308)
4(1337 1367 1368 1338)
4(1367 1397 1398 1368)
4(1397 1427 1428 1398)
4(798 1158 1159 799)
4(1158 1188 1189 1159)
4(1188 1218 1219 1189)
4(1218 1248 1249 1219)
4(1248 1278 1279 1249)
4(1278 1308 1309 1279)
4(1308 1338 1339 1309)
4(1338 1368 1369 1339)
4(1368 1398 1399 1369)
4(1398 1428 1429 1399)
4(799 1159 1160 800)
4(1159 1189 1190 1160)
4(1189 1219 1220 1190)
4(1219 1249 1250 1220)
4(1249 1279 1280 1250)
4(1279 1309 1310 1280)
4(1309 1339 1340 1310)
4(1339 1369 1370 1340)
4(1369 1399 1400 1370)
4(1399 1429 1430 1400)
4(800 1160 1161 801)
4(1160 1190 1191 1161)
4(1190 1220 1221 1191)
4(1220 1250 1251 1221)
4(1250 1280 1281 1251)
4(1280 1310 1311 1281)
4(1310 1340 1341 1311)
4(1340 1370 1371 1341)
4(1370 1400 1401 1371)
4(1400 1430 1431 1401)
4(801 1161 1162 802)
4(1161 1191 1192 1162)
4(1191 1221 1222 1192)
4(1221 1251 1252 1222)
4(1251 1281 1282 1252)
4(1281 1311 1312 1282)
4(1311 1341 1342 1312)
4(1341 1371 1372 1342)
4(1371 1401 1402 1372)
4(1401 1431 1432 1402)
4(802 1162 1163 803)
4(1162 1192 1193 1163)
4(1192 1222 1223 1193)
4(1222 1252 1253 1223)
4(1252 1282 1283 1253)
4(1282 1312 1313 1283)
4(1312 1342 1343 1313)
4(1342 1372 1373 1343)
4(1372 1402 1403 1373)
4(1402 1432 1433 1403)
4(803 1163 1164 804)
4(1163 1193 1194 1164)
4(1193 1223 1224 1194)
4(1223 1253 1254 1224)
4(1253 1283 1284 1254)
4(1283 1313 1314 1284)
4(1313 1343 1344 1314)
4(1343 1373 1374 1344)
4(1373 1403 1404 1374)
4(1403 1433 1434 1404)
4(804 1164 1165 805)
4(1164 1194 1195 1165)
4(1194 1224 1225 1195)
4(1224 1254 1255 1225)
4(1254 1284 1285 1255)
4(1284 1314 1315 1285)
4(1314 1344 1345 1315)
4(1344 1374 1375 1345)
4(1374 1404 1405 1375)
4(1404 1434 1435 1405)
4(805 1165 1166 806)
4(1165 1195 1196 1166)
4(1195 1225 1226 1196)
4(1225 1255 1256 1226)
4(1255 1285 1286 1256)
4(1285 1315 1316 1286)
4(1315 1345 1346 1316)
4(1345 1375 1376 1346)
4(1375 1405 1406 1376)
4(1405 1435 1436 1406)
4(806 1166 1167 807)
4(1166 1196 1197 1167)
4(1196 1226 1227 1197)
4(1226 1256 1257 1227)
4(1256 1286 1287 1257)
4(1286 1316 1317 1287)
4(1316 1346 1347 1317)
4(1346 1376 1377 1347)
4(1376 1406 1407 1377)
4(1406 1436 1437 1407)
4(807 1167 1168 808)
4(1167 1197 1198 1168)
4(1197 1227 1228 1198)
4(1227 1257 1258 1228)
4(1257 1287 1288 1258)
4(1287 1317 1318 1288)
4(1317 1347 1348 1318)
4(1347 1377 1378 1348)
4(1377 1407 1408 1378)
4(1407 1437 1438 1408)
4(808 1168 1169 809)
4(1168 1198 1199 1169)
4(1198 1228 1229 1199)
4(1228 1258 1259 1229)
4(1258 1288 1289 1259)
4(1288 1318 1319 1289)
4(1318 1348 1349 1319)
4(1348 1378 1379 1349)
4(1378 1408 1409 1379)
4(1408 1438 1439 1409)
4(809 1169 1170 810)
4(1169 1199 1200 1170)
4(1199 1229 1230 1200)
4(1229 1259 1260 1230)
4(1259 1289 1290 1260)
4(1289 1319 1320 1290)
4(1319 1349 1350 1320)
4(1349 1379 1380 1350)
4(1379 1409 1410 1380)
4(1409 1439 1440 1410)
4(810 1170 1171 811)
4(1170 1200 1201 1171)
4(1200 1230 1231 1201)
4(1230 1260 1261 1231)
4(1260 1290 1291 1261)
4(1290 1320 1321 1291)
4(1320 1350 1351 1321)
4(1350 1380 1381 1351)
4(1380 1410 1411 1381)
4(1410 1440 1441 1411)
4(121 122 133 132)
4(132 133 144 143)
4(143 144 155 154)
4(154 155 166 165)
4(165 166 177 176)
4(176 177 188 187)
4(187 188 199 198)
4(198 199 210 209)
4(209 210 221 220)
4(220 221 232 231)
4(122 123 134 133)
4(133 134 145 144)
4(144 145 156 155)
4(155 156 167 166)
4(166 167 178 177)
4(177 178 189 188)
4(188 189 200 199)
4(199 200 211 210)
4(210 211 222 221)
4(221 222 233 232)
4(123 124 135 134)
4(134 135 146 145)
4(145 146 157 156)
4(156 157 168 167)
4(167 168 179 178)
4(178 179 190 189)
4(189 190 201 200)
4(200 201 212 211)
4(211 212 223 222)
4(222 223 234 233)
4(124 125 136 135)
4(135 136 147 146)
4(146 147 158 157)
4(157 158 169 168)
4(168 169 180 179)
4(179 180 191 190)
4(190 191 202 201)
4(201 202 213 212)
4(212 213 224 223)
4(223 224 235 234)
4(125 126 137 136)
4(136 137 148 147)
4(147 148 159 158)
4(158 159 170 169)
4(169 170 181 180)
4(180 181 192 191)
4(191 192 203 202)
4(202 203 214 213)
4(213 214 225 224)
4(224 225 236 235)
4(126 127 138 137)
4(137 138 149 148)
4(148 149 160 159)
4(159 160 171 170)
4(170 171 182 181)
4(181 182 193 192)
4(192 193 204 203)
4(203 204 215 214)
4(214 215 226 225)
4(225 226 237 236)
4(127 128 139 138)
4(138 139 150 149)
4(149 150 161 160)
4(160 161 172 171)
4(171 172 183 182)
4(182 183 194 193)
4(193 194 205 204)
4(204 205 216 215)
4(215 216 227 226)
4(226 227 238 237)
4(128 129 140 139)
4(139 140 151 150)
4(150 151 162 161)
4(161 162 173 172)
4(172 173 184 183)
4(183 184 195 194)
4(194 195 206 205)
4(205 206 217 216)
4(216 217 228 227)
4(227 228 239 238)
4(129 130 141 140)
4(140 141 152 151)
4(151 152 163 162)
4(162 163 174 173)
4(173 174 185 184)
4(184 185 196 195)
4(195 196 207 206)
4(206 207 218 217)
4(217 218 229 228)
4(228 229 240 239)
4(130 131 142 141)
4(141 142 153 152)
4(152 153 164 163)
4(163 164 175 174)
4(174 175 186 185)
4(185 186 197 196)
4(196 197 208 207)
4(207 208 219 218)
4(218 219 230 229)
4(229 230 241 240)
4(362 363 373 372)
4(372 373 384 383)
4(383 384 395 394)
4(394 395 406 405)
4(405 406 417 416)
4(416 417 428 427)
4(427 428 439 438)
4(438 439 450 449)
4(449 450 461 460)
4(460 461 472 471)
4(363 364 374 373)
4(373 374 385 384)
4(384 385 396 395)
4(395 396 407 406)
4(406 407 418 417)
4(417 418 429 428)
4(428 429 440 439)
4(439 440 451 450)
4(450 451 462 461)
4(461 462 473 472)
4(364 365 375 374)
4(374 375 386 385)
4(385 386 397 396)
4(396 397 408 407)
4(407 408 419 418)
4(418 419 430 429)
4(429 430 441 440)
4(440 441 452 451)
4(451 452 463 462)
4(462 463 474 473)
4(365 366 376 375)
4(375 376 387 386)
4(386 387 398 397)
4(397 398 409 408)
4(408 409 420 419)
4(419 420 431 430)
4(430 431 442 441)
4(441 442 453 452)
4(452 453 464 463)
4(463 464 475 474)
4(366 367 377 376)
4(376 377 388 387)
4(387 388 399 398)
4(398 399 410 409)
4(409 410 421 420)
4(420 421 432 431)
4(431 432 443 442)
4(442 443 454 453)
4(453 454 465 464)
4(464 465 476 475)
4(367 368 378 377)
4(377 378 389 388)
4(388 389 400 399)
4(399 400 411 410)
4(410 411 422 421)
4(421 422 433 432)
4(432 433 444 443)
4(443 444 455 454)
4(454 455 466 465)
4(465 466 477 476)
4(368 369 379 378)
4(378 379 390 389)
4(389 390 401 400)
4(400 401 412 411)
4(411 412 423 422)
4(422 423 434 433)
4(433 434 445 444)
4(444 445 456 455)
4(455 456 467 466)
4(466 467 478 477)
4(369 370 380 379)
4(379 380 391 390)
4(390 391 402 401)
4(401 402 413 412)
4(412 413 424 423)
4(423 424 435 434)
4(434 435 446 445)
4(445 446 457 456)
4(456 457 468 467)
4(467 468 479 478)
4(370 371 381 380)
4(380 381 392 391)
4(391 392 403 402)
4(402 403 414 413)
4(413 414 425 424)
4(424 425 436 435)
4(435 436 447 446)
4(446 447 458 457)
4(457 458 469 468)
4(468 469 480 479)
4(371 241 382 381)
4(381 382 393 392)
4(392 393 404 403)
4(403 404 415 414)
4(414 415 426 425)
4(425 426 437 436)
4(436 437 448 447)
4(447 448 459 458)
4(458 459 470 469)
4(469 470 481 480)
4(131 812 842 142)
4(142 842 872 153)
4(153 872 902 164)
4(164 902 932 175)
4(175 932 962 186)
4(186 962 992 197)
4(197 992 1022 208)
4(208 1022 1052 219)
4(219 1052 1082 230)
4(230 1082 1112 241)
4(812 813 843 842)
4(842 843 873 872)
4(872 873 903 902)
4(902 903 933 932)
4(932 933 963 962)
4(962 963 993 992)
4(992 993 1023 1022)
4(1022 1023 1053 1052)
4(1052 1053 1083 1082)
4(1082 1083 1113 1112)
4(813 814 844 843)
4(843 844 874 873)
4(873 874 904 903)
4(903 904 934 933)
4(933 934 964 963)
4(963 964 994 993)
4(993 994 1024 1023)
4(1023 1024 1054 1053)
4(1053 1054 1084 1083)
4(1083 1084 1114 1113)
4(814 815 845 844)
4(844 845 875 874)
4(874 875 905 904)
4(904 905 935 934)
4(934 935 965 964)
4(964 965 995 994)
4(994 995 1025 1024)
4(1024 1025 1055 1054)
4(1054 1055 1085 1084)
4(1084 1085 1115 1114)
4(815 816 846 845)
4(845 846 876 875)
4(875 876 906 905)
4(905 906 936 935)
4(935 936 966 965)
4(965 966 996 995)
4(995 996 1026 1025)
4(1025 1026 1056 1055)
4(1055 1056 1086 1085)
4(1085 1086 1116 1115)
4(816 817 847 846)
4(846 847 877 876)
4(876 877 907 906)
4(906 907 937 936)
4(936 937 967 966)
4(966 967 997 996)
4(996 997 1027 1026)
4(1026 1027 1057 1056)
4(1056 1057 1087 1086)
4(1086 1087 1117 1116)
4(817 818 848 847)
4(847 848 878 877)
4(877 878 908 907)
4(907 908 938 937)
4(937 938 968 967)
4(967 968 998 997)
4(997 998 1028 1027)
4(1027 1028 1058 1057)
4(1057 1058 1088 1087)
4(1087 1088 1118 1117)
4(818 819 849 848)
4(848 849 879 878)
4(878 879 909 908)
4(908 909 939 938)
4(938 939 969 968)
4(968 969 999 998)
4(998 999 1029 1028)
4(1028 1029 1059 1058)
4(1058 1059 1089 1088)
4(1088 1089 1119 1118)
4(819 820 850 849)
4(849 850 880 879)
4(879 880 910 909)
4(909 910 940 939)
4(939 940 970 969)
4(969 970 1000 999)
4(999 1000 1030 1029)
4(1029 1030 1060 1059)
4(1059 1060 1090 1089)
4(1089 1090 1120 1119)
4(820 821 851 850)
4(850 851 881 880)
4(880 881 911 910)
4(910 911 941 940)
4(940 941 971 970)
4(970 971 1001 1000)
4(1000 1001 1031 1030)
4(1030 1031 1061 1060)
4(1060 1061 1091 1090)
4(1090 1091 1121 1120)
4(821 822 852 851)
4(851 852 882 881)
4(881 882 912 911)
4(911 912 942 941)
4(941 942 972 971)
4(971 972 1002 1001)
4(1001 1002 1032 1031)
4(1031 1032 1062 1061)
4(1061 1062 1092 1091)
4(1091 1092 1122 1121)
4(822 823 853 852)
4(852 853 883 882)
4(882 883 913 912)
4(912 913 943 942)
4(942 943 973 972)
4(972 973 1003 1002)
4(1002 1003 1033 1032)
4(1032 1033 1063 1062)
4(1062 1063 1093 1092)
4(1092 1093 1123 1122)
4(823 824 854 853)
4(853 854 884 883)
4(883 884 914 913)
4(913 914 944 943)
4(943 944 974 973)
4(973 974 1004 1003)
4(1003 1004 1034 1033)
4(1033 1034 1064 1063)
4(1063 1064 1094 1093)
4(1093 1094 1124 1123)
4(824 825 855 854)
4(854 855 885 884)
4(884 885 915 914)
4(914 915 945 944)
4(944 945 975 974)
4(974 975 1005 1004)
4(1004 1005 1035 1034)
4(1034 1035 1065 1064)
4(1064 1065 1095 1094)
4(1094 1095 1125 1124)
4(825 826 856 855)
4(855 856 886 885)
4(885 886 916 915)
4(915 916 946 945)
4(945 946 976 975)
4(975 976 1006 1005)
4(1005 1006 1036 1035)
4(1035 1036 1066 1065)
4(1065 1066 1096 1095)
4(1095 1096 1126 1125)
4(826 827 857 856)
4(856 857 887 886)
4(886 887 917 916)
4(916 917 947 946)
4(946 947 977 976)
4(976 977 1007 1006)
4(1006 1007 1037 1036)
4(1036 1037 1067 1066)
4(1066 1067 1097 1096)
4(1096 1097 1127 1126)
4(827 828 858 857)
4(857 858 888 887)
4(887 888 918 917)
4(917 918 948 947)
4(947 948 978 977)
4(977 978 1008 1007)
4(1007 1008 1038 1037)
4(1037 1038 1068 1067)
4(1067 1068 1098 1097)
4(1097 1098 1128 1127)
4(828 829 859 858)
4(858 859 889 888)
4(888 889 919 918)
4(918 919 949 948)
4(948 949 979 978)
4(978 979 1009 1008)
4(1008 1009 1039 1038)
4(1038 1039 1069 1068)
4(1068 1069 1099 1098)
4(1098 1099 1129 1128)
4(829 830 860 859)
4(859 860 890 889)
4(889 890 920 919)
4(919 920 950 949)
4(949 950 980 979)
4(979 980 1010 1009)
4(1009 1010 1040 1039)
4(1039 1040 1070 1069)
4(1069 1070 1100 1099)
4(1099 1100 1130 1129)
4(830 831 861 860)
4(860 861 891 890)
4(890 891 921 920)
4(920 921 951 950)
4(950 951 981 980)
4(980 981 1011 1010)
4(1010 1011 1041 1040)
4(1040 1041 1071 1070)
4(1070 1071 1101 1100)
4(1100 1101 1131 1130)
4(831 832 862 861)
4(861 862 892 891)
4(891 892 922 921)
4(921 922 952 951)
4(951 952 982 981)
4(981 982 1012 1011)
4(1011 1012 1042 1041)
4(1041 1042 1072 1071)
4(1071 1072 1102 1101)
4(1101 1102 1132 1131)
4(832 833 863 862)
4(862 863 893 892)
4(892 893 923 922)
4(922 923 953 952)
4(952 953 983 982)
4(982 983 1013 1012)
4(1012 1013 1043 1042)
4(1042 1043 1073 1072)
4(1072 1073 1103 1102)
4(1102 1103 1133 1132)
4(833 834 864 863)
4(863 864 894 893)
4(893 894 924 923)
4(923 924 954 953)
4(953 954 984 983)
4(983 984 1014 1013)
4(1013 1014 1044 1043)
4(1043 1044 1074 1073)
4(1073 1074 1104 1103)
4(1103 1104 1134 1133)
4(834 835 865 864)
4(864 865 895 894)
4(894 895 925 924)
4(924 925 955 954)
4(954 955 985 984)
4(984 985 1015 1014)
4(1014 1015 1045 1044)
4(1044 1045 1075 1074)
4(1074 1075 1105 1104)
4(1104 1105 1135 1134)
4(835 836 866 865)
4(865 866 896 895)
4(895 896 926 925)
4(925 926 956 955)
4(955 956 986 985)
4(985 986 1016 1015)
4(1015 1016 1046 1045)
4(1045 1046 1076 1075)
4(1075 1076 1106 1105)
4(1105 1106 1136 1135)
4(836 837 867 866)
4(866 867 897 896)
4(896 897 927 926)
4(926 927 957 956)
4(956 957 987 986)
4(986 987 1017 1016)
4(1016 1017 1047 1046)
4(1046 1047 1077 1076)
4(1076 1077 1107 1106)
4(1106 1107 1137 1136)
4(837 838 868 867)
4(867 868 898 897)
4(897 898 928 927)
4(927 928 958 957)
4(957 958 988 987)
4(987 988 1018 1017)
4(1017 1018 1048 1047)
4(1047 1048 1078 1077)
4(1077 1078 1108 1107)
4(1107 1108 1138 1137)
4(838 839 869 868)
4(868 869 899 898)
4(898 899 929 928)
4(928 929 959 958)
4(958 959 989 988)
4(988 989 1019 1018)
4(1018 1019 1049 1048)
4(1048 1049 1079 1078)
4(1078 1079 1109 1108)
4(1108 1109 1139 1138)
4(839 840 870 869)
4(869 870 900 899)
4(899 900 930 929)
4(929 930 960 959)
4(959 960 990 989)
4(989 990 1020 1019)
4(1019 1020 1050 1049)
4(1049 1050 1080 1079)
4(1079 1080 1110 1109)
4(1109 1110 1140 1139)
4(840 841 871 870)
4(870 871 901 900)
4(900 901 931 930)
4(930 931 961 960)
4(960 961 991 990)
4(990 991 1021 1020)
4(1020 1021 1051 1050)
4(1050 1051 1081 1080)
4(1080 1081 1111 1110)
4(1110 1111 1141 1140)
4(241 1112 1442 382)
4(382 1442 1472 393)
4(393 1472 1502 404)
4(404 1502 1532 415)
4(415 1532 1562 426)
4(426 1562 1592 437)
4(437 1592 1622 448)
4(448 1622 1652 459)
4(459 1652 1682 470)
4(470 1682 1712 481)
4(1112 1113 1443 1442)
4(1442 1443 1473 1472)
4(1472 1473 1503 1502)
4(1502 1503 1533 1532)
4(1532 1533 1563 1562)
4(1562 1563 1593 1592)
4(1592 1593 1623 1622)
4(1622 1623 1653 1652)
4(1652 1653 1683 1682)
4(1682 1683 1713 1712)
4(1113 1114 1444 1443)
4(1443 1444 1474 1473)
4(1473 1474 1504 1503)
4(1503 1504 1534 1533)
4(1533 1534 1564 1563)
4(1563 1564 1594 1593)
4(1593 1594 1624 1623)
4(1623 1624 1654 1653)
4(1653 1654 1684 1683)
4(1683 1684 1714 1713)
4(1114 1115 1445 1444)
4(1444 1445 1475 1474)
4(1474 1475 1505 1504)
4(1504 1505 1535 1534)
4(1534 1535 1565 1564)
4(1564 1565 1595 1594)
4(1594 1595 1625 1624)
4(1624 1625 1655 1654)
4(1654 1655 1685 1684)
4(1684 1685 1715 1714)
4(1115 1116 1446 1445)
4(1445 1446 1476 1475)
4(1475 1476 1506 1505)
4(1505 1506 1536 1535)
4(1535 1536 1566 1565)
4(1565 1566 1596 1595)
4(1595 1596 1626 1625)
4(1625 1626 1656 1655)
4(1655 1656 1686 1685)
4(1685 1686 1716 1715)
4(1116 1117 1447 1446)
4(1446 1447 1477 1476)
4(1476 1477 1507 1506)
4(1506 1507 1537 1536)
4(1536 1537 1567 1566)
4(1566 1567 1597 1596)
4(1596 1597 1627 1626)
4(1626 1627 1657 1656)
4(1656 1657 1687 1686)
4(1686 1687 1717 1716)
4(1117 1118 1448 1447)
4(1447 1448 1478 1477)
4(1477 1478 1508 1507)
4(1507 1508 1538 1537)
4(1537 1538 1568 1567)
4(1567 1568 1598 1597)
4(1597 1598 1628 1627)
4(1627 1628 1658 1657)
4(1657 1658 1688 1687)
4(1687 1688 1718 1717)
4(1118 1119 1449 1448)
4(1448 1449 1479 1478)
4(1478 1479 1509 1508)
4(1508 1509 1539 1538)
4(1538 1539 1569 1568)
4(1568 1569 1599 1598)
4(1598 1599 1629 1628)
4(1628 1629 1659 1658)
4(1658 1659 1689 1688)
4(1688 1689 1719 1718)
4(1119 1120 1450 1449)
4(1449 1450 1480 1479)
4(1479 1480 1510 1509)
4(1509 1510 1540 1539)
4(1539 1540 1570 1569)
4(1569 1570 1600 1599)
4(1599 1600 1630 1629)
4(1629 1630 1660 1659)
4(1659 1660 1690 1689)
4(1689 1690 1720 1719)
4(1120 1121 1451 1450)
4(1450 1451 1481 1480)
4(1480 1481 1511 1510)
4(1510 1511 1541 1540)
4(1540 1541 1571 1570)
4(1570 1571 1601 1600)
4(1600 1601 1631 1630)
4(1630 1631 1661 1660)
4(1660 1661 1691 1690)
4(1690 1691 1721 1720)
4(1121 1122 1452 1451)
4(1451 1452 1482 1481)
4(1481 1482 1512 1511)
4(1511 1512 1542 1541)
4(1541 1542 1572 1571)
4(1571 1572 1602 1601)
4(1601 1602 1632 1631)
4(1631 1632 1662 1661)
4(1661 1662 1692 1691)
4(1691 1692 1722 1721)
4(1122 1123 1453 1452)
4(1452 1453 1483 1482)
4(1482 1483 1513 1512)
4(1512 1513 1543 1542)
4(1542 1543 1573 1572)
4(1572 1573 1603 1602)
4(1602 1603 1633 1632)
4(1632 1633 1663 1662)
4(1662 1663 1693 1692)
4(1692 1693 1723 1722)
4(1123 1124 1454 1453)
4(1453 1454 1484 1483)
4(1483 1484 1514 1513)
4(1513 1514 1544 1543)
4(1543 1544 1574 1573)
4(1573 1574 1604 1603)
4(1603 1604 1634 1633)
4(1633 1634 1664 1663)
4(1663 1664 1694 1693)
4(1693 1694 1724 1723)
4(1124 1125 1455 1454)
4(1454 1455 1485 1484)
4(1484 1485 1515 1514)
4(1514 1515 1545 1544)
4(1544 1545 1575 1574)
4(1574 1575 1605 1604)
4(1604 1605 1635 1634)
4(1634 1635 1665 1664)
4(1664 1665 1695 1694)
4(1694 1695 1725 1724)
4(1125 1126 1456 1455)
4(1455 1456 1486 1485)
4(1485 1486 1516 1515)
4(1515 1516 1546 1545)
4(1545 1546 1576 1575)
4(1575 1576 1606 1605)
4(1605 1606 1636 1635)
4(1635 1636 1666 1665)
4(1665 1666 1696 1695)
4(1695 1696 1726 1725)
4(1126 1127 1457 1456)
4(1456 1457 1487 1486)
4(1486 1487 1517 1516)
4(1516 1517 1547 1546)
4(1546 1547 1577 1576)
4(1576 1577 1607 1606)
4(1606 1607 1637 1636)
4(1636 1637 1667 1666)
4(1666 1667 1697 1696)
4(1696 1697 1727 1726)
4(1127 1128 1458 1457)
4(1457 1458 1488 1487)
4(1487 1488 1518 1517)
4(1517 1518 1548 1547)
4(1547 1548 1578 1577)
4(1577 1578 1608 1607)
4(1607 1608 1638 1637)
4(1637 1638 1668 1667)
4(1667 1668 1698 1697)
4(1697 1698 1728 1727)
4(1128 1129 1459 1458)
4(1458 1459 1489 1488)
4(1488 1489 1519 1518)
4(1518 1519 1549 1548)
4(1548 1549 1579 1578)
4(1578 1579 1609 1608)
4(1608 1609 1639 1638)
4(1638 1639 1669 1668)
4(1668 1669 1699 1698)
4(1698 1699 1729 1728)
4(1129 1130 1460 1459)
4(1459 1460 1490 1489)
4(1489 1490 1520 1519)
4(1519 1520 1550 1549)
4(1549 1550 1580 1579)
4(1579 1580 1610 1609)
4(1609 1610 1640 1639)
4(1639 1640 1670 1669)
4(1669 1670 1700 1699)
4(1699 1700 1730 1729)
4(1130 1131 1461 1460)
4(1460 1461 1491 1490)
4(1490 1491 1521 1520)
4(1520 1521 1551 1550)
4(1550 1551 1581 1580)
4(1580 1581 1611 1610)
4(1610 1611 1641 1640)
4(1640 1641 1671 1670)
4(1670 1671 1701 1700)
4(1700 1701 1731 1730)
4(1131 1132 1462 1461)
4(1461 1462 1492 1491)
4(1491 1492 1522 1521)
4(1521 1522 1552 1551)
4(1551 1552 1582 1581)
4(1581 1582 1612 1611)
4(1611 1612 1642 1641)
4(1641 1642 1672 1671)
4(1671 1672 1702 1701)
4(1701 1702 1732 1731)
4(1132 1133 1463 1462)
4(1462 1463 1493 1492)
4(1492 1493 1523 1522)
4(1522 1523 1553 1552)
4(1552 1553 1583 1582)
4(1582 1583 1613 1612)
4(1612 1613 1643 1642)
4(1642 1643 1673 1672)
4(1672 1673 1703 1702)
4(1702 1703 1733 1732)
4(1133 1134 1464 1463)
4(1463 1464 1494 1493)
4(1493 1494 1524 1523)
4(1523 1524 1554 1553)
4(1553 1554 1584 1583)
4(1583 1584 1614 1613)
4(1613 1614 1644 1643)
4(1643 1644 1674 1673)
4(1673 1674 1704 1703)
4(1703 1704 1734 1733)
4(1134 1135 1465 1464)
4(1464 1465 1495 1494)
4(1494 1495 1525 1524)
4(1524 1525 1555 1554)
4(1554 1555 1585 1584)
4(1584 1585 1615 1614)
4(1614 1615 1645 1644)
4(1644 1645 1675 1674)
4(1674 1675 1705 1704)
4(1704 1705 1735 1734)
4(1135 1136 1466 1465)
4(1465 1466 1496 1495)
4(1495 1496 1526 1525)
4(1525 1526 1556 1555)
4(1555 1556 1586 1585)
4(1585 1586 1616 1615)
4(1615 1616 1646 1645)
4(1645 1646 1676 1675)
4(1675 1676 1706 1705)
4(1705 1706 1736 1735)
4(1136 1137 1467 1466)
4(1466 1467 1497 1496)
4(1496 1497 1527 1526)
4(1526 1527 1557 1556)
4(1556 1557 1587 1586)
4(1586 1587 1617 1616)
4(1616 1617 1647 1646)
4(1646 1647 1677 1676)
4(1676 1677 1707 1706)
4(1706 1707 1737 1736)
4(1137 1138 1468 1467)
4(1467 1468 1498 1497)
4(1497 1498 1528 1527)
4(1527 1528 1558 1557)
4(1557 1558 1588 1587)
4(1587 1588 1618 1617)
4(1617 1618 1648 1647)
4(1647 1648 1678 1677)
4(1677 1678 1708 1707)
4(1707 1708 1738 1737)
4(1138 1139 1469 1468)
4(1468 1469 1499 1498)
4(1498 1499 1529 1528)
4(1528 1529 1559 1558)
4(1558 1559 1589 1588)
4(1588 1589 1619 1618)
4(1618 1619 1649 1648)
4(1648 1649 1679 1678)
4(1678 1679 1709 1708)
4(1708 1709 1739 1738)
4(1139 1140 1470 1469)
4(1469 1470 1500 1499)
4(1499 1500 1530 1529)
4(1529 1530 1560 1559)
4(1559 1560 1590 1589)
4(1589 1590 1620 1619)
4(1619 1620 1650 1649)
4(1649 1650 1680 1679)
4(1679 1680 1710 1709)
4(1709 1710 1740 1739)
4(1140 1141 1471 1470)
4(1470 1471 1501 1500)
4(1500 1501 1531 1530)
4(1530 1531 1561 1560)
4(1560 1561 1591 1590)
4(1590 1591 1621 1620)
4(1620 1621 1651 1650)
4(1650 1651 1681 1680)
4(1680 1681 1711 1710)
4(1710 1711 1741 1740)
)


// ************************************************************************* //
