/*--------------------------------*- C++ -*----------------------------------*\
| =========                 |                                                 |
| \\      /  F ield         | OpenFOAM: The Open Source CFD Toolbox           |
|  \\    /   O peration     | Version:  4.x                                   |
|   \\  /    A nd           | Web:      www.OpenFOAM.org                      |
|    \\/     M anipulation  |                                                 |
\*---------------------------------------------------------------------------*/
FoamFile
{
    version     2.0;
    format      ascii;
    class       labelList;
    note        "nPoints: 3382 nCells: 1600 nFaces: 6490 nInternalFaces: 3110";
    location    "constant/polyMesh";
    object      neighbour;
}
// * * * * * * * * * * * * * * * * * * * * * * * * * * * * * * * * * * * * * //


3110
(
1
10
2
11
3
12
4
13
5
14
6
15
7
16
8
17
9
18
19
400
11
20
12
21
13
22
14
23
15
24
16
25
17
26
18
27
19
28
29
430
21
30
22
31
23
32
24
33
25
34
26
35
27
36
28
37
29
38
39
460
31
40
32
41
33
42
34
43
35
44
36
45
37
46
38
47
39
48
49
490
41
50
42
51
43
52
44
53
45
54
46
55
47
56
48
57
49
58
59
520
51
60
52
61
53
62
54
63
55
64
56
65
57
66
58
67
59
68
69
550
61
70
62
71
63
72
64
73
65
74
66
75
67
76
68
77
69
78
79
580
71
80
72
81
73
82
74
83
75
84
76
85
77
86
78
87
79
88
89
610
81
90
82
91
83
92
84
93
85
94
86
95
87
96
88
97
89
98
99
640
91
100
92
101
93
102
94
103
95
104
96
105
97
106
98
107
99
108
109
670
101
110
102
111
103
112
104
113
105
114
106
115
107
116
108
117
109
118
119
700
111
120
112
121
113
122
114
123
115
124
116
125
117
126
118
127
119
128
129
730
121
130
122
131
123
132
124
133
125
134
126
135
127
136
128
137
129
138
139
760
131
140
132
141
133
142
134
143
135
144
136
145
137
146
138
147
139
148
149
790
141
150
142
151
143
152
144
153
145
154
146
155
147
156
148
157
149
158
159
820
151
160
152
161
153
162
154
163
155
164
156
165
157
166
158
167
159
168
169
850
161
170
162
171
163
172
164
173
165
174
166
175
167
176
168
177
169
178
179
880
171
180
172
181
173
182
174
183
175
184
176
185
177
186
178
187
179
188
189
910
181
190
182
191
183
192
184
193
185
194
186
195
187
196
188
197
189
198
199
940
191
192
193
194
195
196
197
198
199
970
201
210
202
211
203
212
204
213
205
214
206
215
207
216
208
217
209
218
219
1000
211
220
212
221
213
222
214
223
215
224
216
225
217
226
218
227
219
228
229
1030
221
230
222
231
223
232
224
233
225
234
226
235
227
236
228
237
229
238
239
1060
231
240
232
241
233
242
234
243
235
244
236
245
237
246
238
247
239
248
249
1090
241
250
242
251
243
252
244
253
245
254
246
255
247
256
248
257
249
258
259
1120
251
260
252
261
253
262
254
263
255
264
256
265
257
266
258
267
259
268
269
1150
261
270
262
271
263
272
264
273
265
274
266
275
267
276
268
277
269
278
279
1180
271
280
272
281
273
282
274
283
275
284
276
285
277
286
278
287
279
288
289
1210
281
290
282
291
283
292
284
293
285
294
286
295
287
296
288
297
289
298
299
1240
291
300
292
301
293
302
294
303
295
304
296
305
297
306
298
307
299
308
309
1270
301
310
302
311
303
312
304
313
305
314
306
315
307
316
308
317
309
318
319
1300
311
320
312
321
313
322
314
323
315
324
316
325
317
326
318
327
319
328
329
1330
321
330
322
331
323
332
324
333
325
334
326
335
327
336
328
337
329
338
339
1360
331
340
332
341
333
342
334
343
335
344
336
345
337
346
338
347
339
348
349
1390
341
350
342
351
343
352
344
353
345
354
346
355
347
356
348
357
349
358
359
1420
351
360
352
361
353
362
354
363
355
364
356
365
357
366
358
367
359
368
369
1450
361
370
362
371
363
372
364
373
365
374
366
375
367
376
368
377
369
378
379
1480
371
380
372
381
373
382
374
383
375
384
376
385
377
386
378
387
379
388
389
1510
381
390
382
391
383
392
384
393
385
394
386
395
387
396
388
397
389
398
399
1540
391
392
393
394
395
396
397
398
399
1570
401
430
402
431
403
432
404
433
405
434
406
435
407
436
408
437
409
438
410
439
411
440
412
441
413
442
414
443
415
444
416
445
417
446
418
447
419
448
420
449
421
450
422
451
423
452
424
453
425
454
426
455
427
456
428
457
429
458
459
431
460
432
461
433
462
434
463
435
464
436
465
437
466
438
467
439
468
440
469
441
470
442
471
443
472
444
473
445
474
446
475
447
476
448
477
449
478
450
479
451
480
452
481
453
482
454
483
455
484
456
485
457
486
458
487
459
488
489
461
490
462
491
463
492
464
493
465
494
466
495
467
496
468
497
469
498
470
499
471
500
472
501
473
502
474
503
475
504
476
505
477
506
478
507
479
508
480
509
481
510
482
511
483
512
484
513
485
514
486
515
487
516
488
517
489
518
519
491
520
492
521
493
522
494
523
495
524
496
525
497
526
498
527
499
528
500
529
501
530
502
531
503
532
504
533
505
534
506
535
507
536
508
537
509
538
510
539
511
540
512
541
513
542
514
543
515
544
516
545
517
546
518
547
519
548
549
521
550
522
551
523
552
524
553
525
554
526
555
527
556
528
557
529
558
530
559
531
560
532
561
533
562
534
563
535
564
536
565
537
566
538
567
539
568
540
569
541
570
542
571
543
572
544
573
545
574
546
575
547
576
548
577
549
578
579
551
580
552
581
553
582
554
583
555
584
556
585
557
586
558
587
559
588
560
589
561
590
562
591
563
592
564
593
565
594
566
595
567
596
568
597
569
598
570
599
571
600
572
601
573
602
574
603
575
604
576
605
577
606
578
607
579
608
609
581
610
582
611
583
612
584
613
585
614
586
615
587
616
588
617
589
618
590
619
591
620
592
621
593
622
594
623
595
624
596
625
597
626
598
627
599
628
600
629
601
630
602
631
603
632
604
633
605
634
606
635
607
636
608
637
609
638
639
611
640
612
641
613
642
614
643
615
644
616
645
617
646
618
647
619
648
620
649
621
650
622
651
623
652
624
653
625
654
626
655
627
656
628
657
629
658
630
659
631
660
632
661
633
662
634
663
635
664
636
665
637
666
638
667
639
668
669
641
670
642
671
643
672
644
673
645
674
646
675
647
676
648
677
649
678
650
679
651
680
652
681
653
682
654
683
655
684
656
685
657
686
658
687
659
688
660
689
661
690
662
691
663
692
664
693
665
694
666
695
667
696
668
697
669
698
699
671
700
672
701
673
702
674
703
675
704
676
705
677
706
678
707
679
708
680
709
681
710
682
711
683
712
684
713
685
714
686
715
687
716
688
717
689
718
690
719
691
720
692
721
693
722
694
723
695
724
696
725
697
726
698
727
699
728
729
701
730
702
731
703
732
704
733
705
734
706
735
707
736
708
737
709
738
710
739
711
740
712
741
713
742
714
743
715
744
716
745
717
746
718
747
719
748
720
749
721
750
722
751
723
752
724
753
725
754
726
755
727
756
728
757
729
758
759
731
760
732
761
733
762
734
763
735
764
736
765
737
766
738
767
739
768
740
769
741
770
742
771
743
772
744
773
745
774
746
775
747
776
748
777
749
778
750
779
751
780
752
781
753
782
754
783
755
784
756
785
757
786
758
787
759
788
789
761
790
762
791
763
792
764
793
765
794
766
795
767
796
768
797
769
798
770
799
771
800
772
801
773
802
774
803
775
804
776
805
777
806
778
807
779
808
780
809
781
810
782
811
783
812
784
813
785
814
786
815
787
816
788
817
789
818
819
791
820
792
821
793
822
794
823
795
824
796
825
797
826
798
827
799
828
800
829
801
830
802
831
803
832
804
833
805
834
806
835
807
836
808
837
809
838
810
839
811
840
812
841
813
842
814
843
815
844
816
845
817
846
818
847
819
848
849
821
850
822
851
823
852
824
853
825
854
826
855
827
856
828
857
829
858
830
859
831
860
832
861
833
862
834
863
835
864
836
865
837
866
838
867
839
868
840
869
841
870
842
871
843
872
844
873
845
874
846
875
847
876
848
877
849
878
879
851
880
852
881
853
882
854
883
855
884
856
885
857
886
858
887
859
888
860
889
861
890
862
891
863
892
864
893
865
894
866
895
867
896
868
897
869
898
870
899
871
900
872
901
873
902
874
903
875
904
876
905
877
906
878
907
879
908
909
881
910
882
911
883
912
884
913
885
914
886
915
887
916
888
917
889
918
890
919
891
920
892
921
893
922
894
923
895
924
896
925
897
926
898
927
899
928
900
929
901
930
902
931
903
932
904
933
905
934
906
935
907
936
908
937
909
938
939
911
940
912
941
913
942
914
943
915
944
916
945
917
946
918
947
919
948
920
949
921
950
922
951
923
952
924
953
925
954
926
955
927
956
928
957
929
958
930
959
931
960
932
961
933
962
934
963
935
964
936
965
937
966
938
967
939
968
969
941
970
942
971
943
972
944
973
945
974
946
975
947
976
948
977
949
978
950
979
951
980
952
981
953
982
954
983
955
984
956
985
957
986
958
987
959
988
960
989
961
990
962
991
963
992
964
993
965
994
966
995
967
996
968
997
969
998
999
971
1000
972
1001
973
1002
974
1003
975
1004
976
1005
977
1006
978
1007
979
1008
980
1009
981
1010
982
1011
983
1012
984
1013
985
1014
986
1015
987
1016
988
1017
989
1018
990
1019
991
1020
992
1021
993
1022
994
1023
995
1024
996
1025
997
1026
998
1027
999
1028
1029
1001
1030
1002
1031
1003
1032
1004
1033
1005
1034
1006
1035
1007
1036
1008
1037
1009
1038
1010
1039
1011
1040
1012
1041
1013
1042
1014
1043
1015
1044
1016
1045
1017
1046
1018
1047
1019
1048
1020
1049
1021
1050
1022
1051
1023
1052
1024
1053
1025
1054
1026
1055
1027
1056
1028
1057
1029
1058
1059
1031
1060
1032
1061
1033
1062
1034
1063
1035
1064
1036
1065
1037
1066
1038
1067
1039
1068
1040
1069
1041
1070
1042
1071
1043
1072
1044
1073
1045
1074
1046
1075
1047
1076
1048
1077
1049
1078
1050
1079
1051
1080
1052
1081
1053
1082
1054
1083
1055
1084
1056
1085
1057
1086
1058
1087
1059
1088
1089
1061
1090
1062
1091
1063
1092
1064
1093
1065
1094
1066
1095
1067
1096
1068
1097
1069
1098
1070
1099
1071
1100
1072
1101
1073
1102
1074
1103
1075
1104
1076
1105
1077
1106
1078
1107
1079
1108
1080
1109
1081
1110
1082
1111
1083
1112
1084
1113
1085
1114
1086
1115
1087
1116
1088
1117
1089
1118
1119
1091
1120
1092
1121
1093
1122
1094
1123
1095
1124
1096
1125
1097
1126
1098
1127
1099
1128
1100
1129
1101
1130
1102
1131
1103
1132
1104
1133
1105
1134
1106
1135
1107
1136
1108
1137
1109
1138
1110
1139
1111
1140
1112
1141
1113
1142
1114
1143
1115
1144
1116
1145
1117
1146
1118
1147
1119
1148
1149
1121
1150
1122
1151
1123
1152
1124
1153
1125
1154
1126
1155
1127
1156
1128
1157
1129
1158
1130
1159
1131
1160
1132
1161
1133
1162
1134
1163
1135
1164
1136
1165
1137
1166
1138
1167
1139
1168
1140
1169
1141
1170
1142
1171
1143
1172
1144
1173
1145
1174
1146
1175
1147
1176
1148
1177
1149
1178
1179
1151
1180
1152
1181
1153
1182
1154
1183
1155
1184
1156
1185
1157
1186
1158
1187
1159
1188
1160
1189
1161
1190
1162
1191
1163
1192
1164
1193
1165
1194
1166
1195
1167
1196
1168
1197
1169
1198
1170
1199
1171
1200
1172
1201
1173
1202
1174
1203
1175
1204
1176
1205
1177
1206
1178
1207
1179
1208
1209
1181
1210
1182
1211
1183
1212
1184
1213
1185
1214
1186
1215
1187
1216
1188
1217
1189
1218
1190
1219
1191
1220
1192
1221
1193
1222
1194
1223
1195
1224
1196
1225
1197
1226
1198
1227
1199
1228
1200
1229
1201
1230
1202
1231
1203
1232
1204
1233
1205
1234
1206
1235
1207
1236
1208
1237
1209
1238
1239
1211
1240
1212
1241
1213
1242
1214
1243
1215
1244
1216
1245
1217
1246
1218
1247
1219
1248
1220
1249
1221
1250
1222
1251
1223
1252
1224
1253
1225
1254
1226
1255
1227
1256
1228
1257
1229
1258
1230
1259
1231
1260
1232
1261
1233
1262
1234
1263
1235
1264
1236
1265
1237
1266
1238
1267
1239
1268
1269
1241
1270
1242
1271
1243
1272
1244
1273
1245
1274
1246
1275
1247
1276
1248
1277
1249
1278
1250
1279
1251
1280
1252
1281
1253
1282
1254
1283
1255
1284
1256
1285
1257
1286
1258
1287
1259
1288
1260
1289
1261
1290
1262
1291
1263
1292
1264
1293
1265
1294
1266
1295
1267
1296
1268
1297
1269
1298
1299
1271
1300
1272
1301
1273
1302
1274
1303
1275
1304
1276
1305
1277
1306
1278
1307
1279
1308
1280
1309
1281
1310
1282
1311
1283
1312
1284
1313
1285
1314
1286
1315
1287
1316
1288
1317
1289
1318
1290
1319
1291
1320
1292
1321
1293
1322
1294
1323
1295
1324
1296
1325
1297
1326
1298
1327
1299
1328
1329
1301
1330
1302
1331
1303
1332
1304
1333
1305
1334
1306
1335
1307
1336
1308
1337
1309
1338
1310
1339
1311
1340
1312
1341
1313
1342
1314
1343
1315
1344
1316
1345
1317
1346
1318
1347
1319
1348
1320
1349
1321
1350
1322
1351
1323
1352
1324
1353
1325
1354
1326
1355
1327
1356
1328
1357
1329
1358
1359
1331
1360
1332
1361
1333
1362
1334
1363
1335
1364
1336
1365
1337
1366
1338
1367
1339
1368
1340
1369
1341
1370
1342
1371
1343
1372
1344
1373
1345
1374
1346
1375
1347
1376
1348
1377
1349
1378
1350
1379
1351
1380
1352
1381
1353
1382
1354
1383
1355
1384
1356
1385
1357
1386
1358
1387
1359
1388
1389
1361
1390
1362
1391
1363
1392
1364
1393
1365
1394
1366
1395
1367
1396
1368
1397
1369
1398
1370
1399
1371
1400
1372
1401
1373
1402
1374
1403
1375
1404
1376
1405
1377
1406
1378
1407
1379
1408
1380
1409
1381
1410
1382
1411
1383
1412
1384
1413
1385
1414
1386
1415
1387
1416
1388
1417
1389
1418
1419
1391
1420
1392
1421
1393
1422
1394
1423
1395
1424
1396
1425
1397
1426
1398
1427
1399
1428
1400
1429
1401
1430
1402
1431
1403
1432
1404
1433
1405
1434
1406
1435
1407
1436
1408
1437
1409
1438
1410
1439
1411
1440
1412
1441
1413
1442
1414
1443
1415
1444
1416
1445
1417
1446
1418
1447
1419
1448
1449
1421
1450
1422
1451
1423
1452
1424
1453
1425
1454
1426
1455
1427
1456
1428
1457
1429
1458
1430
1459
1431
1460
1432
1461
1433
1462
1434
1463
1435
1464
1436
1465
1437
1466
1438
1467
1439
1468
1440
1469
1441
1470
1442
1471
1443
1472
1444
1473
1445
1474
1446
1475
1447
1476
1448
1477
1449
1478
1479
1451
1480
1452
1481
1453
1482
1454
1483
1455
1484
1456
1485
1457
1486
1458
1487
1459
1488
1460
1489
1461
1490
1462
1491
1463
1492
1464
1493
1465
1494
1466
1495
1467
1496
1468
1497
1469
1498
1470
1499
1471
1500
1472
1501
1473
1502
1474
1503
1475
1504
1476
1505
1477
1506
1478
1507
1479
1508
1509
1481
1510
1482
1511
1483
1512
1484
1513
1485
1514
1486
1515
1487
1516
1488
1517
1489
1518
1490
1519
1491
1520
1492
1521
1493
1522
1494
1523
1495
1524
1496
1525
1497
1526
1498
1527
1499
1528
1500
1529
1501
1530
1502
1531
1503
1532
1504
1533
1505
1534
1506
1535
1507
1536
1508
1537
1509
1538
1539
1511
1540
1512
1541
1513
1542
1514
1543
1515
1544
1516
1545
1517
1546
1518
1547
1519
1548
1520
1549
1521
1550
1522
1551
1523
1552
1524
1553
1525
1554
1526
1555
1527
1556
1528
1557
1529
1558
1530
1559
1531
1560
1532
1561
1533
1562
1534
1563
1535
1564
1536
1565
1537
1566
1538
1567
1539
1568
1569
1541
1570
1542
1571
1543
1572
1544
1573
1545
1574
1546
1575
1547
1576
1548
1577
1549
1578
1550
1579
1551
1580
1552
1581
1553
1582
1554
1583
1555
1584
1556
1585
1557
1586
1558
1587
1559
1588
1560
1589
1561
1590
1562
1591
1563
1592
1564
1593
1565
1594
1566
1595
1567
1596
1568
1597
1569
1598
1599
1571
1572
1573
1574
1575
1576
1577
1578
1579
1580
1581
1582
1583
1584
1585
1586
1587
1588
1589
1590
1591
1592
1593
1594
1595
1596
1597
1598
1599
)


// ************************************************************************* //
