/*--------------------------------*- C++ -*----------------------------------*\
| =========                 |                                                 |
| \\      /  F ield         | OpenFOAM: The Open Source CFD Toolbox           |
|  \\    /   O peration     | Version:  4.1                                   |
|   \\  /    A nd           | Web:      www.OpenFOAM.org                      |
|    \\/     M anipulation  |                                                 |
\*---------------------------------------------------------------------------*/
FoamFile
{
    version     2.0;
    format      ascii;
    class       labelList;
    note        "nPoints: 2982 nCells: 1400 nFaces: 5690 nInternalFaces: 2710";
    location    "constant/polyMesh";
    object      owner;
}
// * * * * * * * * * * * * * * * * * * * * * * * * * * * * * * * * * * * * * //


5690
(
0
0
1
1
2
2
3
3
4
4
5
5
6
6
7
7
8
8
9
9
10
10
11
11
12
12
13
13
14
14
15
15
16
16
17
17
18
18
19
19
20
20
21
21
22
22
23
23
24
24
25
25
26
26
27
27
28
28
29
29
30
30
31
31
32
32
33
33
34
34
35
35
36
36
37
37
38
38
39
39
40
40
41
41
42
42
43
43
44
44
45
45
46
46
47
47
48
48
49
49
50
50
51
51
52
52
53
53
54
54
55
55
56
56
57
57
58
58
59
59
60
60
61
61
62
62
63
63
64
64
65
65
66
66
67
67
68
68
69
69
70
70
71
71
72
72
73
73
74
74
75
75
76
76
77
77
78
78
79
79
80
80
81
81
82
82
83
83
84
84
85
85
86
86
87
87
88
88
89
89
90
90
91
91
92
92
93
93
94
94
95
95
96
96
97
97
98
98
99
99
100
100
101
101
102
102
103
103
104
104
105
105
106
106
107
107
108
108
109
109
110
110
111
111
112
112
113
113
114
114
115
115
116
116
117
117
118
118
119
119
120
120
121
121
122
122
123
123
124
124
125
125
126
126
127
127
128
128
129
129
130
130
131
131
132
132
133
133
134
134
135
135
136
136
137
137
138
138
139
139
140
140
141
141
142
142
143
143
144
144
145
145
146
146
147
147
148
148
149
149
150
150
151
151
152
152
153
153
154
154
155
155
156
156
157
157
158
158
159
159
160
160
161
161
162
162
163
163
164
164
165
165
166
166
167
167
168
168
169
169
170
170
171
171
172
172
173
173
174
174
175
175
176
176
177
177
178
178
179
179
180
180
181
181
182
182
183
183
184
184
185
185
186
186
187
187
188
188
189
189
190
190
191
191
192
192
193
193
194
194
195
195
196
196
197
197
198
198
199
199
200
200
201
201
202
202
203
203
204
204
205
205
206
206
207
207
208
208
209
209
210
210
211
211
212
212
213
213
214
214
215
215
216
216
217
217
218
218
219
219
220
220
221
221
222
222
223
223
224
224
225
225
226
226
227
227
228
228
229
229
230
230
231
231
232
232
233
233
234
234
235
235
236
236
237
237
238
238
239
239
240
240
241
241
242
242
243
243
244
244
245
245
246
246
247
247
248
248
249
249
250
250
251
251
252
252
253
253
254
254
255
255
256
256
257
257
258
258
259
259
260
260
261
261
262
262
263
263
264
264
265
265
266
266
267
267
268
268
269
269
270
270
271
271
272
272
273
273
274
274
275
275
276
276
277
277
278
278
279
279
280
280
281
281
282
282
283
283
284
284
285
286
287
288
289
290
291
292
293
294
295
296
297
298
299
300
300
301
301
302
302
303
303
304
304
305
305
306
306
307
307
308
308
309
309
310
310
311
311
312
312
313
313
314
314
315
315
316
316
317
317
318
318
319
319
320
320
321
321
322
322
323
323
324
324
325
325
326
326
327
327
328
328
329
329
330
330
331
331
332
332
333
333
334
334
335
335
336
336
337
337
338
338
339
339
340
340
341
341
342
342
343
343
344
344
345
345
346
346
347
347
348
348
349
349
350
350
351
351
352
352
353
353
354
354
355
355
356
356
357
357
358
358
359
359
360
360
361
361
362
362
363
363
364
364
365
365
366
366
367
367
368
368
369
369
370
370
371
371
372
372
373
373
374
374
375
375
376
376
377
377
378
378
379
379
380
380
381
381
382
382
383
383
384
384
385
385
386
386
387
387
388
388
389
389
390
390
391
391
392
392
393
393
394
394
395
395
396
396
397
397
398
398
399
399
400
400
401
401
402
402
403
403
404
404
405
405
406
406
407
407
408
408
409
409
410
410
411
411
412
412
413
413
414
414
415
415
416
416
417
417
418
418
419
419
420
420
421
421
422
422
423
423
424
424
425
425
426
426
427
427
428
428
429
429
430
430
431
431
432
432
433
433
434
434
435
435
436
436
437
437
438
438
439
439
440
440
441
441
442
442
443
443
444
444
445
445
446
446
447
447
448
448
449
449
450
450
451
451
452
452
453
453
454
454
455
455
456
456
457
457
458
458
459
459
460
460
461
461
462
462
463
463
464
464
465
465
466
466
467
467
468
468
469
469
470
470
471
471
472
472
473
473
474
474
475
475
476
476
477
477
478
478
479
479
480
480
481
481
482
482
483
483
484
484
485
485
486
486
487
487
488
488
489
489
490
490
491
491
492
492
493
493
494
494
495
495
496
496
497
497
498
498
499
499
500
500
501
501
502
502
503
503
504
504
505
505
506
506
507
507
508
508
509
509
510
510
511
511
512
512
513
513
514
514
515
515
516
516
517
517
518
518
519
519
520
520
521
521
522
522
523
523
524
524
525
525
526
526
527
527
528
528
529
529
530
530
531
531
532
532
533
533
534
534
535
535
536
536
537
537
538
538
539
539
540
540
541
541
542
542
543
543
544
544
545
545
546
546
547
547
548
548
549
549
550
550
551
551
552
552
553
553
554
554
555
555
556
556
557
557
558
558
559
559
560
560
561
561
562
562
563
563
564
564
565
565
566
566
567
567
568
568
569
569
570
570
571
571
572
572
573
573
574
574
575
575
576
576
577
577
578
578
579
579
580
580
581
581
582
582
583
583
584
584
585
586
587
588
589
590
591
592
593
594
595
596
597
598
599
600
600
601
601
602
602
603
603
604
604
605
605
606
606
607
607
608
608
609
609
610
610
611
611
612
612
613
613
614
614
615
615
616
616
617
617
618
618
619
620
620
621
621
622
622
623
623
624
624
625
625
626
626
627
627
628
628
629
629
630
630
631
631
632
632
633
633
634
634
635
635
636
636
637
637
638
638
639
640
640
641
641
642
642
643
643
644
644
645
645
646
646
647
647
648
648
649
649
650
650
651
651
652
652
653
653
654
654
655
655
656
656
657
657
658
658
659
660
660
661
661
662
662
663
663
664
664
665
665
666
666
667
667
668
668
669
669
670
670
671
671
672
672
673
673
674
674
675
675
676
676
677
677
678
678
679
680
680
681
681
682
682
683
683
684
684
685
685
686
686
687
687
688
688
689
689
690
690
691
691
692
692
693
693
694
694
695
695
696
696
697
697
698
698
699
700
700
701
701
702
702
703
703
704
704
705
705
706
706
707
707
708
708
709
709
710
710
711
711
712
712
713
713
714
714
715
715
716
716
717
717
718
718
719
720
720
721
721
722
722
723
723
724
724
725
725
726
726
727
727
728
728
729
729
730
730
731
731
732
732
733
733
734
734
735
735
736
736
737
737
738
738
739
740
740
741
741
742
742
743
743
744
744
745
745
746
746
747
747
748
748
749
749
750
750
751
751
752
752
753
753
754
754
755
755
756
756
757
757
758
758
759
760
760
761
761
762
762
763
763
764
764
765
765
766
766
767
767
768
768
769
769
770
770
771
771
772
772
773
773
774
774
775
775
776
776
777
777
778
778
779
780
780
781
781
782
782
783
783
784
784
785
785
786
786
787
787
788
788
789
789
790
790
791
791
792
792
793
793
794
794
795
795
796
796
797
797
798
798
799
800
800
801
801
802
802
803
803
804
804
805
805
806
806
807
807
808
808
809
809
810
810
811
811
812
812
813
813
814
814
815
815
816
816
817
817
818
818
819
820
820
821
821
822
822
823
823
824
824
825
825
826
826
827
827
828
828
829
829
830
830
831
831
832
832
833
833
834
834
835
835
836
836
837
837
838
838
839
840
840
841
841
842
842
843
843
844
844
845
845
846
846
847
847
848
848
849
849
850
850
851
851
852
852
853
853
854
854
855
855
856
856
857
857
858
858
859
860
860
861
861
862
862
863
863
864
864
865
865
866
866
867
867
868
868
869
869
870
870
871
871
872
872
873
873
874
874
875
875
876
876
877
877
878
878
879
880
880
881
881
882
882
883
883
884
884
885
885
886
886
887
887
888
888
889
889
890
890
891
891
892
892
893
893
894
894
895
895
896
896
897
897
898
898
899
900
900
901
901
902
902
903
903
904
904
905
905
906
906
907
907
908
908
909
909
910
910
911
911
912
912
913
913
914
914
915
915
916
916
917
917
918
918
919
920
920
921
921
922
922
923
923
924
924
925
925
926
926
927
927
928
928
929
929
930
930
931
931
932
932
933
933
934
934
935
935
936
936
937
937
938
938
939
940
940
941
941
942
942
943
943
944
944
945
945
946
946
947
947
948
948
949
949
950
950
951
951
952
952
953
953
954
954
955
955
956
956
957
957
958
958
959
960
960
961
961
962
962
963
963
964
964
965
965
966
966
967
967
968
968
969
969
970
970
971
971
972
972
973
973
974
974
975
975
976
976
977
977
978
978
979
980
980
981
981
982
982
983
983
984
984
985
985
986
986
987
987
988
988
989
989
990
990
991
991
992
992
993
993
994
994
995
995
996
996
997
997
998
998
999
1000
1000
1001
1001
1002
1002
1003
1003
1004
1004
1005
1005
1006
1006
1007
1007
1008
1008
1009
1009
1010
1010
1011
1011
1012
1012
1013
1013
1014
1014
1015
1015
1016
1016
1017
1017
1018
1018
1019
1020
1020
1021
1021
1022
1022
1023
1023
1024
1024
1025
1025
1026
1026
1027
1027
1028
1028
1029
1029
1030
1030
1031
1031
1032
1032
1033
1033
1034
1034
1035
1035
1036
1036
1037
1037
1038
1038
1039
1040
1040
1041
1041
1042
1042
1043
1043
1044
1044
1045
1045
1046
1046
1047
1047
1048
1048
1049
1049
1050
1050
1051
1051
1052
1052
1053
1053
1054
1054
1055
1055
1056
1056
1057
1057
1058
1058
1059
1060
1060
1061
1061
1062
1062
1063
1063
1064
1064
1065
1065
1066
1066
1067
1067
1068
1068
1069
1069
1070
1070
1071
1071
1072
1072
1073
1073
1074
1074
1075
1075
1076
1076
1077
1077
1078
1078
1079
1080
1080
1081
1081
1082
1082
1083
1083
1084
1084
1085
1085
1086
1086
1087
1087
1088
1088
1089
1089
1090
1090
1091
1091
1092
1092
1093
1093
1094
1094
1095
1095
1096
1096
1097
1097
1098
1098
1099
1100
1100
1101
1101
1102
1102
1103
1103
1104
1104
1105
1105
1106
1106
1107
1107
1108
1108
1109
1109
1110
1110
1111
1111
1112
1112
1113
1113
1114
1114
1115
1115
1116
1116
1117
1117
1118
1118
1119
1120
1120
1121
1121
1122
1122
1123
1123
1124
1124
1125
1125
1126
1126
1127
1127
1128
1128
1129
1129
1130
1130
1131
1131
1132
1132
1133
1133
1134
1134
1135
1135
1136
1136
1137
1137
1138
1138
1139
1140
1140
1141
1141
1142
1142
1143
1143
1144
1144
1145
1145
1146
1146
1147
1147
1148
1148
1149
1149
1150
1150
1151
1151
1152
1152
1153
1153
1154
1154
1155
1155
1156
1156
1157
1157
1158
1158
1159
1160
1160
1161
1161
1162
1162
1163
1163
1164
1164
1165
1165
1166
1166
1167
1167
1168
1168
1169
1169
1170
1170
1171
1171
1172
1172
1173
1173
1174
1174
1175
1175
1176
1176
1177
1177
1178
1178
1179
1180
1180
1181
1181
1182
1182
1183
1183
1184
1184
1185
1185
1186
1186
1187
1187
1188
1188
1189
1189
1190
1190
1191
1191
1192
1192
1193
1193
1194
1194
1195
1195
1196
1196
1197
1197
1198
1198
1199
1200
1200
1201
1201
1202
1202
1203
1203
1204
1204
1205
1205
1206
1206
1207
1207
1208
1208
1209
1209
1210
1210
1211
1211
1212
1212
1213
1213
1214
1214
1215
1215
1216
1216
1217
1217
1218
1218
1219
1220
1220
1221
1221
1222
1222
1223
1223
1224
1224
1225
1225
1226
1226
1227
1227
1228
1228
1229
1229
1230
1230
1231
1231
1232
1232
1233
1233
1234
1234
1235
1235
1236
1236
1237
1237
1238
1238
1239
1240
1240
1241
1241
1242
1242
1243
1243
1244
1244
1245
1245
1246
1246
1247
1247
1248
1248
1249
1249
1250
1250
1251
1251
1252
1252
1253
1253
1254
1254
1255
1255
1256
1256
1257
1257
1258
1258
1259
1260
1260
1261
1261
1262
1262
1263
1263
1264
1264
1265
1265
1266
1266
1267
1267
1268
1268
1269
1269
1270
1270
1271
1271
1272
1272
1273
1273
1274
1274
1275
1275
1276
1276
1277
1277
1278
1278
1279
1280
1280
1281
1281
1282
1282
1283
1283
1284
1284
1285
1285
1286
1286
1287
1287
1288
1288
1289
1289
1290
1290
1291
1291
1292
1292
1293
1293
1294
1294
1295
1295
1296
1296
1297
1297
1298
1298
1299
1300
1300
1301
1301
1302
1302
1303
1303
1304
1304
1305
1305
1306
1306
1307
1307
1308
1308
1309
1309
1310
1310
1311
1311
1312
1312
1313
1313
1314
1314
1315
1315
1316
1316
1317
1317
1318
1318
1319
1320
1320
1321
1321
1322
1322
1323
1323
1324
1324
1325
1325
1326
1326
1327
1327
1328
1328
1329
1329
1330
1330
1331
1331
1332
1332
1333
1333
1334
1334
1335
1335
1336
1336
1337
1337
1338
1338
1339
1340
1340
1341
1341
1342
1342
1343
1343
1344
1344
1345
1345
1346
1346
1347
1347
1348
1348
1349
1349
1350
1350
1351
1351
1352
1352
1353
1353
1354
1354
1355
1355
1356
1356
1357
1357
1358
1358
1359
1360
1360
1361
1361
1362
1362
1363
1363
1364
1364
1365
1365
1366
1366
1367
1367
1368
1368
1369
1369
1370
1370
1371
1371
1372
1372
1373
1373
1374
1374
1375
1375
1376
1376
1377
1377
1378
1378
1379
1380
1381
1382
1383
1384
1385
1386
1387
1388
1389
1390
1391
1392
1393
1394
1395
1396
1397
1398
285
286
287
288
289
290
291
292
293
294
295
296
297
298
299
0
1
2
3
4
5
6
7
8
9
10
11
12
13
14
600
601
602
603
604
605
606
607
608
609
610
611
612
613
614
615
616
617
618
619
1380
1381
1382
1383
1384
1385
1386
1387
1388
1389
1390
1391
1392
1393
1394
1395
1396
1397
1398
1399
300
301
302
303
304
305
306
307
308
309
310
311
312
313
314
585
586
587
588
589
590
591
592
593
594
595
596
597
598
599
300
315
330
345
360
375
390
405
420
435
450
465
480
495
510
525
540
555
570
585
0
15
30
45
60
75
90
105
120
135
150
165
180
195
210
225
240
255
270
285
619
639
659
679
699
719
739
759
779
799
819
839
859
879
899
919
939
959
979
999
1019
1039
1059
1079
1099
1119
1139
1159
1179
1199
1219
1239
1259
1279
1299
1319
1339
1359
1379
1399
0
15
30
45
60
75
90
105
120
135
150
165
180
195
210
225
240
255
270
285
1
16
31
46
61
76
91
106
121
136
151
166
181
196
211
226
241
256
271
286
2
17
32
47
62
77
92
107
122
137
152
167
182
197
212
227
242
257
272
287
3
18
33
48
63
78
93
108
123
138
153
168
183
198
213
228
243
258
273
288
4
19
34
49
64
79
94
109
124
139
154
169
184
199
214
229
244
259
274
289
5
20
35
50
65
80
95
110
125
140
155
170
185
200
215
230
245
260
275
290
6
21
36
51
66
81
96
111
126
141
156
171
186
201
216
231
246
261
276
291
7
22
37
52
67
82
97
112
127
142
157
172
187
202
217
232
247
262
277
292
8
23
38
53
68
83
98
113
128
143
158
173
188
203
218
233
248
263
278
293
9
24
39
54
69
84
99
114
129
144
159
174
189
204
219
234
249
264
279
294
10
25
40
55
70
85
100
115
130
145
160
175
190
205
220
235
250
265
280
295
11
26
41
56
71
86
101
116
131
146
161
176
191
206
221
236
251
266
281
296
12
27
42
57
72
87
102
117
132
147
162
177
192
207
222
237
252
267
282
297
13
28
43
58
73
88
103
118
133
148
163
178
193
208
223
238
253
268
283
298
14
29
44
59
74
89
104
119
134
149
164
179
194
209
224
239
254
269
284
299
300
315
330
345
360
375
390
405
420
435
450
465
480
495
510
525
540
555
570
585
301
316
331
346
361
376
391
406
421
436
451
466
481
496
511
526
541
556
571
586
302
317
332
347
362
377
392
407
422
437
452
467
482
497
512
527
542
557
572
587
303
318
333
348
363
378
393
408
423
438
453
468
483
498
513
528
543
558
573
588
304
319
334
349
364
379
394
409
424
439
454
469
484
499
514
529
544
559
574
589
305
320
335
350
365
380
395
410
425
440
455
470
485
500
515
530
545
560
575
590
306
321
336
351
366
381
396
411
426
441
456
471
486
501
516
531
546
561
576
591
307
322
337
352
367
382
397
412
427
442
457
472
487
502
517
532
547
562
577
592
308
323
338
353
368
383
398
413
428
443
458
473
488
503
518
533
548
563
578
593
309
324
339
354
369
384
399
414
429
444
459
474
489
504
519
534
549
564
579
594
310
325
340
355
370
385
400
415
430
445
460
475
490
505
520
535
550
565
580
595
311
326
341
356
371
386
401
416
431
446
461
476
491
506
521
536
551
566
581
596
312
327
342
357
372
387
402
417
432
447
462
477
492
507
522
537
552
567
582
597
313
328
343
358
373
388
403
418
433
448
463
478
493
508
523
538
553
568
583
598
314
329
344
359
374
389
404
419
434
449
464
479
494
509
524
539
554
569
584
599
600
620
640
660
680
700
720
740
760
780
800
820
840
860
880
900
920
940
960
980
601
621
641
661
681
701
721
741
761
781
801
821
841
861
881
901
921
941
961
981
602
622
642
662
682
702
722
742
762
782
802
822
842
862
882
902
922
942
962
982
603
623
643
663
683
703
723
743
763
783
803
823
843
863
883
903
923
943
963
983
604
624
644
664
684
704
724
744
764
784
804
824
844
864
884
904
924
944
964
984
605
625
645
665
685
705
725
745
765
785
805
825
845
865
885
905
925
945
965
985
606
626
646
666
686
706
726
746
766
786
806
826
846
866
886
906
926
946
966
986
607
627
647
667
687
707
727
747
767
787
807
827
847
867
887
907
927
947
967
987
608
628
648
668
688
708
728
748
768
788
808
828
848
868
888
908
928
948
968
988
609
629
649
669
689
709
729
749
769
789
809
829
849
869
889
909
929
949
969
989
610
630
650
670
690
710
730
750
770
790
810
830
850
870
890
910
930
950
970
990
611
631
651
671
691
711
731
751
771
791
811
831
851
871
891
911
931
951
971
991
612
632
652
672
692
712
732
752
772
792
812
832
852
872
892
912
932
952
972
992
613
633
653
673
693
713
733
753
773
793
813
833
853
873
893
913
933
953
973
993
614
634
654
674
694
714
734
754
774
794
814
834
854
874
894
914
934
954
974
994
615
635
655
675
695
715
735
755
775
795
815
835
855
875
895
915
935
955
975
995
616
636
656
676
696
716
736
756
776
796
816
836
856
876
896
916
936
956
976
996
617
637
657
677
697
717
737
757
777
797
817
837
857
877
897
917
937
957
977
997
618
638
658
678
698
718
738
758
778
798
818
838
858
878
898
918
938
958
978
998
619
639
659
679
699
719
739
759
779
799
819
839
859
879
899
919
939
959
979
999
1000
1020
1040
1060
1080
1100
1120
1140
1160
1180
1200
1220
1240
1260
1280
1300
1320
1340
1360
1380
1001
1021
1041
1061
1081
1101
1121
1141
1161
1181
1201
1221
1241
1261
1281
1301
1321
1341
1361
1381
1002
1022
1042
1062
1082
1102
1122
1142
1162
1182
1202
1222
1242
1262
1282
1302
1322
1342
1362
1382
1003
1023
1043
1063
1083
1103
1123
1143
1163
1183
1203
1223
1243
1263
1283
1303
1323
1343
1363
1383
1004
1024
1044
1064
1084
1104
1124
1144
1164
1184
1204
1224
1244
1264
1284
1304
1324
1344
1364
1384
1005
1025
1045
1065
1085
1105
1125
1145
1165
1185
1205
1225
1245
1265
1285
1305
1325
1345
1365
1385
1006
1026
1046
1066
1086
1106
1126
1146
1166
1186
1206
1226
1246
1266
1286
1306
1326
1346
1366
1386
1007
1027
1047
1067
1087
1107
1127
1147
1167
1187
1207
1227
1247
1267
1287
1307
1327
1347
1367
1387
1008
1028
1048
1068
1088
1108
1128
1148
1168
1188
1208
1228
1248
1268
1288
1308
1328
1348
1368
1388
1009
1029
1049
1069
1089
1109
1129
1149
1169
1189
1209
1229
1249
1269
1289
1309
1329
1349
1369
1389
1010
1030
1050
1070
1090
1110
1130
1150
1170
1190
1210
1230
1250
1270
1290
1310
1330
1350
1370
1390
1011
1031
1051
1071
1091
1111
1131
1151
1171
1191
1211
1231
1251
1271
1291
1311
1331
1351
1371
1391
1012
1032
1052
1072
1092
1112
1132
1152
1172
1192
1212
1232
1252
1272
1292
1312
1332
1352
1372
1392
1013
1033
1053
1073
1093
1113
1133
1153
1173
1193
1213
1233
1253
1273
1293
1313
1333
1353
1373
1393
1014
1034
1054
1074
1094
1114
1134
1154
1174
1194
1214
1234
1254
1274
1294
1314
1334
1354
1374
1394
1015
1035
1055
1075
1095
1115
1135
1155
1175
1195
1215
1235
1255
1275
1295
1315
1335
1355
1375
1395
1016
1036
1056
1076
1096
1116
1136
1156
1176
1196
1216
1236
1256
1276
1296
1316
1336
1356
1376
1396
1017
1037
1057
1077
1097
1117
1137
1157
1177
1197
1217
1237
1257
1277
1297
1317
1337
1357
1377
1397
1018
1038
1058
1078
1098
1118
1138
1158
1178
1198
1218
1238
1258
1278
1298
1318
1338
1358
1378
1398
1019
1039
1059
1079
1099
1119
1139
1159
1179
1199
1219
1239
1259
1279
1299
1319
1339
1359
1379
1399
0
15
30
45
60
75
90
105
120
135
150
165
180
195
210
225
240
255
270
285
1
16
31
46
61
76
91
106
121
136
151
166
181
196
211
226
241
256
271
286
2
17
32
47
62
77
92
107
122
137
152
167
182
197
212
227
242
257
272
287
3
18
33
48
63
78
93
108
123
138
153
168
183
198
213
228
243
258
273
288
4
19
34
49
64
79
94
109
124
139
154
169
184
199
214
229
244
259
274
289
5
20
35
50
65
80
95
110
125
140
155
170
185
200
215
230
245
260
275
290
6
21
36
51
66
81
96
111
126
141
156
171
186
201
216
231
246
261
276
291
7
22
37
52
67
82
97
112
127
142
157
172
187
202
217
232
247
262
277
292
8
23
38
53
68
83
98
113
128
143
158
173
188
203
218
233
248
263
278
293
9
24
39
54
69
84
99
114
129
144
159
174
189
204
219
234
249
264
279
294
10
25
40
55
70
85
100
115
130
145
160
175
190
205
220
235
250
265
280
295
11
26
41
56
71
86
101
116
131
146
161
176
191
206
221
236
251
266
281
296
12
27
42
57
72
87
102
117
132
147
162
177
192
207
222
237
252
267
282
297
13
28
43
58
73
88
103
118
133
148
163
178
193
208
223
238
253
268
283
298
14
29
44
59
74
89
104
119
134
149
164
179
194
209
224
239
254
269
284
299
300
315
330
345
360
375
390
405
420
435
450
465
480
495
510
525
540
555
570
585
301
316
331
346
361
376
391
406
421
436
451
466
481
496
511
526
541
556
571
586
302
317
332
347
362
377
392
407
422
437
452
467
482
497
512
527
542
557
572
587
303
318
333
348
363
378
393
408
423
438
453
468
483
498
513
528
543
558
573
588
304
319
334
349
364
379
394
409
424
439
454
469
484
499
514
529
544
559
574
589
305
320
335
350
365
380
395
410
425
440
455
470
485
500
515
530
545
560
575
590
306
321
336
351
366
381
396
411
426
441
456
471
486
501
516
531
546
561
576
591
307
322
337
352
367
382
397
412
427
442
457
472
487
502
517
532
547
562
577
592
308
323
338
353
368
383
398
413
428
443
458
473
488
503
518
533
548
563
578
593
309
324
339
354
369
384
399
414
429
444
459
474
489
504
519
534
549
564
579
594
310
325
340
355
370
385
400
415
430
445
460
475
490
505
520
535
550
565
580
595
311
326
341
356
371
386
401
416
431
446
461
476
491
506
521
536
551
566
581
596
312
327
342
357
372
387
402
417
432
447
462
477
492
507
522
537
552
567
582
597
313
328
343
358
373
388
403
418
433
448
463
478
493
508
523
538
553
568
583
598
314
329
344
359
374
389
404
419
434
449
464
479
494
509
524
539
554
569
584
599
600
620
640
660
680
700
720
740
760
780
800
820
840
860
880
900
920
940
960
980
601
621
641
661
681
701
721
741
761
781
801
821
841
861
881
901
921
941
961
981
602
622
642
662
682
702
722
742
762
782
802
822
842
862
882
902
922
942
962
982
603
623
643
663
683
703
723
743
763
783
803
823
843
863
883
903
923
943
963
983
604
624
644
664
684
704
724
744
764
784
804
824
844
864
884
904
924
944
964
984
605
625
645
665
685
705
725
745
765
785
805
825
845
865
885
905
925
945
965
985
606
626
646
666
686
706
726
746
766
786
806
826
846
866
886
906
926
946
966
986
607
627
647
667
687
707
727
747
767
787
807
827
847
867
887
907
927
947
967
987
608
628
648
668
688
708
728
748
768
788
808
828
848
868
888
908
928
948
968
988
609
629
649
669
689
709
729
749
769
789
809
829
849
869
889
909
929
949
969
989
610
630
650
670
690
710
730
750
770
790
810
830
850
870
890
910
930
950
970
990
611
631
651
671
691
711
731
751
771
791
811
831
851
871
891
911
931
951
971
991
612
632
652
672
692
712
732
752
772
792
812
832
852
872
892
912
932
952
972
992
613
633
653
673
693
713
733
753
773
793
813
833
853
873
893
913
933
953
973
993
614
634
654
674
694
714
734
754
774
794
814
834
854
874
894
914
934
954
974
994
615
635
655
675
695
715
735
755
775
795
815
835
855
875
895
915
935
955
975
995
616
636
656
676
696
716
736
756
776
796
816
836
856
876
896
916
936
956
976
996
617
637
657
677
697
717
737
757
777
797
817
837
857
877
897
917
937
957
977
997
618
638
658
678
698
718
738
758
778
798
818
838
858
878
898
918
938
958
978
998
619
639
659
679
699
719
739
759
779
799
819
839
859
879
899
919
939
959
979
999
1000
1020
1040
1060
1080
1100
1120
1140
1160
1180
1200
1220
1240
1260
1280
1300
1320
1340
1360
1380
1001
1021
1041
1061
1081
1101
1121
1141
1161
1181
1201
1221
1241
1261
1281
1301
1321
1341
1361
1381
1002
1022
1042
1062
1082
1102
1122
1142
1162
1182
1202
1222
1242
1262
1282
1302
1322
1342
1362
1382
1003
1023
1043
1063
1083
1103
1123
1143
1163
1183
1203
1223
1243
1263
1283
1303
1323
1343
1363
1383
1004
1024
1044
1064
1084
1104
1124
1144
1164
1184
1204
1224
1244
1264
1284
1304
1324
1344
1364
1384
1005
1025
1045
1065
1085
1105
1125
1145
1165
1185
1205
1225
1245
1265
1285
1305
1325
1345
1365
1385
1006
1026
1046
1066
1086
1106
1126
1146
1166
1186
1206
1226
1246
1266
1286
1306
1326
1346
1366
1386
1007
1027
1047
1067
1087
1107
1127
1147
1167
1187
1207
1227
1247
1267
1287
1307
1327
1347
1367
1387
1008
1028
1048
1068
1088
1108
1128
1148
1168
1188
1208
1228
1248
1268
1288
1308
1328
1348
1368
1388
1009
1029
1049
1069
1089
1109
1129
1149
1169
1189
1209
1229
1249
1269
1289
1309
1329
1349
1369
1389
1010
1030
1050
1070
1090
1110
1130
1150
1170
1190
1210
1230
1250
1270
1290
1310
1330
1350
1370
1390
1011
1031
1051
1071
1091
1111
1131
1151
1171
1191
1211
1231
1251
1271
1291
1311
1331
1351
1371
1391
1012
1032
1052
1072
1092
1112
1132
1152
1172
1192
1212
1232
1252
1272
1292
1312
1332
1352
1372
1392
1013
1033
1053
1073
1093
1113
1133
1153
1173
1193
1213
1233
1253
1273
1293
1313
1333
1353
1373
1393
1014
1034
1054
1074
1094
1114
1134
1154
1174
1194
1214
1234
1254
1274
1294
1314
1334
1354
1374
1394
1015
1035
1055
1075
1095
1115
1135
1155
1175
1195
1215
1235
1255
1275
1295
1315
1335
1355
1375
1395
1016
1036
1056
1076
1096
1116
1136
1156
1176
1196
1216
1236
1256
1276
1296
1316
1336
1356
1376
1396
1017
1037
1057
1077
1097
1117
1137
1157
1177
1197
1217
1237
1257
1277
1297
1317
1337
1357
1377
1397
1018
1038
1058
1078
1098
1118
1138
1158
1178
1198
1218
1238
1258
1278
1298
1318
1338
1358
1378
1398
1019
1039
1059
1079
1099
1119
1139
1159
1179
1199
1219
1239
1259
1279
1299
1319
1339
1359
1379
1399
)


// ************************************************************************* //
