/*--------------------------------*- C++ -*----------------------------------*\
| =========                 |                                                 |
| \\      /  F ield         | OpenFOAM: The Open Source CFD Toolbox           |
|  \\    /   O peration     | Version:  4.1                                   |
|   \\  /    A nd           | Web:      www.OpenFOAM.org                      |
|    \\/     M anipulation  |                                                 |
\*---------------------------------------------------------------------------*/
FoamFile
{
    version     2.0;
    format      ascii;
    class       vectorField;
    location    "constant/polyMesh";
    object      points;
}
// * * * * * * * * * * * * * * * * * * * * * * * * * * * * * * * * * * * * * //


1742
(
(-0.04932845 -0.02630028 -0.025)
(-0.044395605 -0.026170252 -0.025)
(-0.03946276 -0.026040224 -0.025)
(-0.034529915 -0.025910196 -0.025)
(-0.02959707 -0.025780168 -0.025)
(-0.024664225 -0.02565014 -0.025)
(-0.01973138 -0.025520112 -0.025)
(-0.014798535 -0.025390084 -0.025)
(-0.00986569 -0.025260056 -0.025)
(-0.004932845 -0.025130028 -0.025)
(0 -0.025 -0.025)
(-0.04933769173 -0.02594735047 -0.025)
(-0.04440392256 -0.02581731037 -0.025)
(-0.03947015339 -0.02568727026 -0.025)
(-0.03453638421 -0.02555723016 -0.025)
(-0.02960261504 -0.02542719006 -0.025)
(-0.02466884587 -0.02529714996 -0.025)
(-0.01973507669 -0.02516710985 -0.025)
(-0.01480130752 -0.02503706975 -0.025)
(-0.009867538347 -0.02490702965 -0.025)
(-0.004933769173 -0.02477698955 -0.025)
(0 -0.02464694944 -0.025)
(-0.04936691666 -0.0248312893 -0.025)
(-0.044430225 -0.02470121093 -0.025)
(-0.03949353333 -0.02457113255 -0.025)
(-0.03455684166 -0.02444105418 -0.025)
(-0.02962015 -0.0243109758 -0.025)
(-0.02468345833 -0.02418089743 -0.025)
(-0.01974676666 -0.02405081906 -0.025)
(-0.014810075 -0.02392074068 -0.025)
(-0.009873383332 -0.02379066231 -0.025)
(-0.004936691666 -0.02366058393 -0.025)
(0 -0.02353050556 -0.025)
(-0.049459334 -0.021301994 -0.025)
(-0.0445134006 -0.0211717946 -0.025)
(-0.0395674672 -0.0210415952 -0.025)
(-0.0346215338 -0.0209113958 -0.025)
(-0.0296756004 -0.0207811964 -0.025)
(-0.024729667 -0.020650997 -0.025)
(-0.0197837336 -0.0205207976 -0.025)
(-0.0148378002 -0.0203905982 -0.025)
(-0.0098918668 -0.0202603988 -0.025)
(-0.0049459334 -0.0201301994 -0.025)
(0 -0.02 -0.025)
(-0.04954659 -0.01796980333 -0.025)
(-0.044591931 -0.01783948967 -0.025)
(-0.039637272 -0.017709176 -0.025)
(-0.034682613 -0.01757886233 -0.025)
(-0.029727954 -0.01744854867 -0.025)
(-0.024773295 -0.017318235 -0.025)
(-0.019818636 -0.01718792133 -0.025)
(-0.014863977 -0.01705760767 -0.025)
(-0.009909318 -0.016927294 -0.025)
(-0.004954659 -0.01679698033 -0.025)
(0 -0.01666666667 -0.025)
(-0.049633846 -0.01463761267 -0.025)
(-0.0446704614 -0.01450718473 -0.025)
(-0.0397070768 -0.0143767568 -0.025)
(-0.0347436922 -0.01424632887 -0.025)
(-0.0297803076 -0.01411590093 -0.025)
(-0.024816923 -0.013985473 -0.025)
(-0.0198535384 -0.01385504507 -0.025)
(-0.0148901538 -0.01372461713 -0.025)
(-0.0099267692 -0.0135941892 -0.025)
(-0.0049633846 -0.01346376127 -0.025)
(0 -0.01333333333 -0.025)
(-0.049721102 -0.011305422 -0.025)
(-0.0447489918 -0.0111748798 -0.025)
(-0.0397768816 -0.0110443376 -0.025)
(-0.0348047714 -0.0109137954 -0.025)
(-0.0298326612 -0.0107832532 -0.025)
(-0.024860551 -0.010652711 -0.025)
(-0.0198884408 -0.0105221688 -0.025)
(-0.0149163306 -0.0103916266 -0.025)
(-0.0099442204 -0.0102610844 -0.025)
(-0.0049721102 -0.0101305422 -0.025)
(0 -0.01 -0.025)
(-0.04981063632 -0.007886225374 -0.025)
(-0.04482957269 -0.007755565924 -0.025)
(-0.03984850905 -0.007624906474 -0.025)
(-0.03486744542 -0.007494247024 -0.025)
(-0.02988638179 -0.007363587573 -0.025)
(-0.02490531816 -0.007232928123 -0.025)
(-0.01992425453 -0.007102268673 -0.025)
(-0.0149431909 -0.006971609223 -0.025)
(-0.009962127264 -0.006840949772 -0.025)
(-0.004981063632 -0.006710290322 -0.025)
(0 -0.006579630872 -0.025)
(-0.04988169975 -0.005172407214 -0.025)
(-0.04489352978 -0.005041654702 -0.025)
(-0.0399053598 -0.00491090219 -0.025)
(-0.03491718983 -0.004780149679 -0.025)
(-0.02992901985 -0.004649397167 -0.025)
(-0.02494084988 -0.004518644655 -0.025)
(-0.0199526799 -0.004387892143 -0.025)
(-0.01496450993 -0.004257139631 -0.025)
(-0.009976339951 -0.004126387119 -0.025)
(-0.004988169975 -0.003995634607 -0.025)
(0 -0.003864882096 -0.025)
(-0.04993810284 -0.003018448313 -0.025)
(-0.04494429256 -0.002887621938 -0.025)
(-0.03995048227 -0.002756795563 -0.025)
(-0.03495667199 -0.002625969188 -0.025)
(-0.0299628617 -0.002495142813 -0.025)
(-0.02496905142 -0.002364316438 -0.025)
(-0.01997524114 -0.002233490064 -0.025)
(-0.01498143085 -0.002102663689 -0.025)
(-0.009987620568 -0.001971837314 -0.025)
(-0.004993810284 -0.001841010939 -0.025)
(0 -0.001710184564 -0.025)
(-0.04998287 -0.00130885 -0.025)
(-0.044984583 -0.001177965 -0.025)
(-0.039986296 -0.00104708 -0.025)
(-0.034988009 -0.000916195 -0.025)
(-0.029989722 -0.00078531 -0.025)
(-0.024991435 -0.000654425 -0.025)
(-0.019993148 -0.00052354 -0.025)
(-0.014994861 -0.000392655 -0.025)
(-0.009996574 -0.00026177 -0.025)
(-0.004998287 -0.000130885 -0.025)
(0 0 -0.025)
(-0.04932845 -0.02630028 0)
(-0.044395605 -0.026170252 0)
(-0.03946276 -0.026040224 0)
(-0.034529915 -0.025910196 0)
(-0.02959707 -0.025780168 0)
(-0.024664225 -0.02565014 0)
(-0.01973138 -0.025520112 0)
(-0.014798535 -0.025390084 0)
(-0.00986569 -0.025260056 0)
(-0.004932845 -0.025130028 0)
(0 -0.025 0)
(-0.04933769173 -0.02594735047 0)
(-0.04440392256 -0.02581731037 0)
(-0.03947015339 -0.02568727026 0)
(-0.03453638421 -0.02555723016 0)
(-0.02960261504 -0.02542719006 0)
(-0.02466884587 -0.02529714996 0)
(-0.01973507669 -0.02516710985 0)
(-0.01480130752 -0.02503706975 0)
(-0.009867538347 -0.02490702965 0)
(-0.004933769173 -0.02477698955 0)
(0 -0.02464694944 0)
(-0.04936691666 -0.0248312893 0)
(-0.044430225 -0.02470121093 0)
(-0.03949353333 -0.02457113255 0)
(-0.03455684166 -0.02444105418 0)
(-0.02962015 -0.0243109758 0)
(-0.02468345833 -0.02418089743 0)
(-0.01974676666 -0.02405081906 0)
(-0.014810075 -0.02392074068 0)
(-0.009873383332 -0.02379066231 0)
(-0.004936691666 -0.02366058393 0)
(0 -0.02353050556 0)
(-0.049459334 -0.021301994 0)
(-0.0445134006 -0.0211717946 0)
(-0.0395674672 -0.0210415952 0)
(-0.0346215338 -0.0209113958 0)
(-0.0296756004 -0.0207811964 0)
(-0.024729667 -0.020650997 0)
(-0.0197837336 -0.0205207976 0)
(-0.0148378002 -0.0203905982 0)
(-0.0098918668 -0.0202603988 0)
(-0.0049459334 -0.0201301994 0)
(0 -0.02 0)
(-0.04954659 -0.01796980333 0)
(-0.044591931 -0.01783948967 0)
(-0.039637272 -0.017709176 0)
(-0.034682613 -0.01757886233 0)
(-0.029727954 -0.01744854867 0)
(-0.024773295 -0.017318235 0)
(-0.019818636 -0.01718792133 0)
(-0.014863977 -0.01705760767 0)
(-0.009909318 -0.016927294 0)
(-0.004954659 -0.01679698033 0)
(0 -0.01666666667 0)
(-0.049633846 -0.01463761267 0)
(-0.0446704614 -0.01450718473 0)
(-0.0397070768 -0.0143767568 0)
(-0.0347436922 -0.01424632887 0)
(-0.0297803076 -0.01411590093 0)
(-0.024816923 -0.013985473 0)
(-0.0198535384 -0.01385504507 0)
(-0.0148901538 -0.01372461713 0)
(-0.0099267692 -0.0135941892 0)
(-0.0049633846 -0.01346376127 0)
(0 -0.01333333333 0)
(-0.049721102 -0.011305422 0)
(-0.0447489918 -0.0111748798 0)
(-0.0397768816 -0.0110443376 0)
(-0.0348047714 -0.0109137954 0)
(-0.0298326612 -0.0107832532 0)
(-0.024860551 -0.010652711 0)
(-0.0198884408 -0.0105221688 0)
(-0.0149163306 -0.0103916266 0)
(-0.0099442204 -0.0102610844 0)
(-0.0049721102 -0.0101305422 0)
(0 -0.01 0)
(-0.04981063632 -0.007886225374 0)
(-0.04482957269 -0.007755565924 0)
(-0.03984850905 -0.007624906474 0)
(-0.03486744542 -0.007494247024 0)
(-0.02988638179 -0.007363587573 0)
(-0.02490531816 -0.007232928123 0)
(-0.01992425453 -0.007102268673 0)
(-0.0149431909 -0.006971609223 0)
(-0.009962127264 -0.006840949772 0)
(-0.004981063632 -0.006710290322 0)
(0 -0.006579630872 0)
(-0.04988169975 -0.005172407214 0)
(-0.04489352978 -0.005041654702 0)
(-0.0399053598 -0.00491090219 0)
(-0.03491718983 -0.004780149679 0)
(-0.02992901985 -0.004649397167 0)
(-0.02494084988 -0.004518644655 0)
(-0.0199526799 -0.004387892143 0)
(-0.01496450993 -0.004257139631 0)
(-0.009976339951 -0.004126387119 0)
(-0.004988169975 -0.003995634607 0)
(0 -0.003864882096 0)
(-0.04993810284 -0.003018448313 0)
(-0.04494429256 -0.002887621938 0)
(-0.03995048227 -0.002756795563 0)
(-0.03495667199 -0.002625969188 0)
(-0.0299628617 -0.002495142813 0)
(-0.02496905142 -0.002364316438 0)
(-0.01997524114 -0.002233490064 0)
(-0.01498143085 -0.002102663689 0)
(-0.009987620568 -0.001971837314 0)
(-0.004993810284 -0.001841010939 0)
(0 -0.001710184564 0)
(-0.04998287 -0.00130885 0)
(-0.044984583 -0.001177965 0)
(-0.039986296 -0.00104708 0)
(-0.034988009 -0.000916195 0)
(-0.029989722 -0.00078531 0)
(-0.024991435 -0.000654425 0)
(-0.019993148 -0.00052354 0)
(-0.014994861 -0.000392655 0)
(-0.009996574 -0.00026177 0)
(-0.004998287 -0.000130885 0)
(0 0 0)
(-0.04998287 0.00130885 -0.025)
(-0.044984583 0.001177965 -0.025)
(-0.039986296 0.00104708 -0.025)
(-0.034988009 0.000916195 -0.025)
(-0.029989722 0.00078531 -0.025)
(-0.024991435 0.000654425 -0.025)
(-0.019993148 0.00052354 -0.025)
(-0.014994861 0.000392655 -0.025)
(-0.009996574 0.00026177 -0.025)
(-0.004998287 0.000130885 -0.025)
(-0.04993810284 0.003018448313 -0.025)
(-0.04494429256 0.002887621938 -0.025)
(-0.03995048227 0.002756795563 -0.025)
(-0.03495667199 0.002625969188 -0.025)
(-0.0299628617 0.002495142813 -0.025)
(-0.02496905142 0.002364316438 -0.025)
(-0.01997524114 0.002233490064 -0.025)
(-0.01498143085 0.002102663689 -0.025)
(-0.009987620568 0.001971837314 -0.025)
(-0.004993810284 0.001841010939 -0.025)
(0 0.001710184564 -0.025)
(-0.04988169975 0.005172407214 -0.025)
(-0.04489352978 0.005041654702 -0.025)
(-0.0399053598 0.00491090219 -0.025)
(-0.03491718983 0.004780149679 -0.025)
(-0.02992901985 0.004649397167 -0.025)
(-0.02494084988 0.004518644655 -0.025)
(-0.0199526799 0.004387892143 -0.025)
(-0.01496450993 0.004257139631 -0.025)
(-0.009976339951 0.004126387119 -0.025)
(-0.004988169975 0.003995634607 -0.025)
(0 0.003864882096 -0.025)
(-0.04981063632 0.007886225374 -0.025)
(-0.04482957269 0.007755565924 -0.025)
(-0.03984850905 0.007624906474 -0.025)
(-0.03486744542 0.007494247024 -0.025)
(-0.02988638179 0.007363587573 -0.025)
(-0.02490531816 0.007232928123 -0.025)
(-0.01992425453 0.007102268673 -0.025)
(-0.0149431909 0.006971609223 -0.025)
(-0.009962127264 0.006840949772 -0.025)
(-0.004981063632 0.006710290322 -0.025)
(0 0.006579630872 -0.025)
(-0.049721102 0.011305422 -0.025)
(-0.0447489918 0.0111748798 -0.025)
(-0.0397768816 0.0110443376 -0.025)
(-0.0348047714 0.0109137954 -0.025)
(-0.0298326612 0.0107832532 -0.025)
(-0.024860551 0.010652711 -0.025)
(-0.0198884408 0.0105221688 -0.025)
(-0.0149163306 0.0103916266 -0.025)
(-0.0099442204 0.0102610844 -0.025)
(-0.0049721102 0.0101305422 -0.025)
(0 0.01 -0.025)
(-0.049633846 0.01463761267 -0.025)
(-0.0446704614 0.01450718473 -0.025)
(-0.0397070768 0.0143767568 -0.025)
(-0.0347436922 0.01424632887 -0.025)
(-0.0297803076 0.01411590093 -0.025)
(-0.024816923 0.013985473 -0.025)
(-0.0198535384 0.01385504507 -0.025)
(-0.0148901538 0.01372461713 -0.025)
(-0.0099267692 0.0135941892 -0.025)
(-0.0049633846 0.01346376127 -0.025)
(0 0.01333333333 -0.025)
(-0.04954659 0.01796980333 -0.025)
(-0.044591931 0.01783948967 -0.025)
(-0.039637272 0.017709176 -0.025)
(-0.034682613 0.01757886233 -0.025)
(-0.029727954 0.01744854867 -0.025)
(-0.024773295 0.017318235 -0.025)
(-0.019818636 0.01718792133 -0.025)
(-0.014863977 0.01705760767 -0.025)
(-0.009909318 0.016927294 -0.025)
(-0.004954659 0.01679698033 -0.025)
(0 0.01666666667 -0.025)
(-0.049459334 0.021301994 -0.025)
(-0.0445134006 0.0211717946 -0.025)
(-0.0395674672 0.0210415952 -0.025)
(-0.0346215338 0.0209113958 -0.025)
(-0.0296756004 0.0207811964 -0.025)
(-0.024729667 0.020650997 -0.025)
(-0.0197837336 0.0205207976 -0.025)
(-0.0148378002 0.0203905982 -0.025)
(-0.0098918668 0.0202603988 -0.025)
(-0.0049459334 0.0201301994 -0.025)
(0 0.02 -0.025)
(-0.04936691666 0.0248312893 -0.025)
(-0.044430225 0.02470121093 -0.025)
(-0.03949353333 0.02457113255 -0.025)
(-0.03455684166 0.02444105418 -0.025)
(-0.02962015 0.0243109758 -0.025)
(-0.02468345833 0.02418089743 -0.025)
(-0.01974676666 0.02405081906 -0.025)
(-0.014810075 0.02392074068 -0.025)
(-0.009873383332 0.02379066231 -0.025)
(-0.004936691666 0.02366058393 -0.025)
(0 0.02353050556 -0.025)
(-0.04933769173 0.02594735047 -0.025)
(-0.04440392256 0.02581731037 -0.025)
(-0.03947015339 0.02568727026 -0.025)
(-0.03453638421 0.02555723016 -0.025)
(-0.02960261504 0.02542719006 -0.025)
(-0.02466884587 0.02529714996 -0.025)
(-0.01973507669 0.02516710985 -0.025)
(-0.01480130752 0.02503706975 -0.025)
(-0.009867538347 0.02490702965 -0.025)
(-0.004933769173 0.02477698955 -0.025)
(0 0.02464694944 -0.025)
(-0.04932845 0.02630028 -0.025)
(-0.044395605 0.026170252 -0.025)
(-0.03946276 0.026040224 -0.025)
(-0.034529915 0.025910196 -0.025)
(-0.02959707 0.025780168 -0.025)
(-0.024664225 0.02565014 -0.025)
(-0.01973138 0.025520112 -0.025)
(-0.014798535 0.025390084 -0.025)
(-0.00986569 0.025260056 -0.025)
(-0.004932845 0.025130028 -0.025)
(0 0.025 -0.025)
(-0.04998287 0.00130885 0)
(-0.044984583 0.001177965 0)
(-0.039986296 0.00104708 0)
(-0.034988009 0.000916195 0)
(-0.029989722 0.00078531 0)
(-0.024991435 0.000654425 0)
(-0.019993148 0.00052354 0)
(-0.014994861 0.000392655 0)
(-0.009996574 0.00026177 0)
(-0.004998287 0.000130885 0)
(-0.04993810284 0.003018448313 0)
(-0.04494429256 0.002887621938 0)
(-0.03995048227 0.002756795563 0)
(-0.03495667199 0.002625969188 0)
(-0.0299628617 0.002495142813 0)
(-0.02496905142 0.002364316438 0)
(-0.01997524114 0.002233490064 0)
(-0.01498143085 0.002102663689 0)
(-0.009987620568 0.001971837314 0)
(-0.004993810284 0.001841010939 0)
(0 0.001710184564 0)
(-0.04988169975 0.005172407214 0)
(-0.04489352978 0.005041654702 0)
(-0.0399053598 0.00491090219 0)
(-0.03491718983 0.004780149679 0)
(-0.02992901985 0.004649397167 0)
(-0.02494084988 0.004518644655 0)
(-0.0199526799 0.004387892143 0)
(-0.01496450993 0.004257139631 0)
(-0.009976339951 0.004126387119 0)
(-0.004988169975 0.003995634607 0)
(0 0.003864882096 0)
(-0.04981063632 0.007886225374 0)
(-0.04482957269 0.007755565924 0)
(-0.03984850905 0.007624906474 0)
(-0.03486744542 0.007494247024 0)
(-0.02988638179 0.007363587573 0)
(-0.02490531816 0.007232928123 0)
(-0.01992425453 0.007102268673 0)
(-0.0149431909 0.006971609223 0)
(-0.009962127264 0.006840949772 0)
(-0.004981063632 0.006710290322 0)
(0 0.006579630872 0)
(-0.049721102 0.011305422 0)
(-0.0447489918 0.0111748798 0)
(-0.0397768816 0.0110443376 0)
(-0.0348047714 0.0109137954 0)
(-0.0298326612 0.0107832532 0)
(-0.024860551 0.010652711 0)
(-0.0198884408 0.0105221688 0)
(-0.0149163306 0.0103916266 0)
(-0.0099442204 0.0102610844 0)
(-0.0049721102 0.0101305422 0)
(0 0.01 0)
(-0.049633846 0.01463761267 0)
(-0.0446704614 0.01450718473 0)
(-0.0397070768 0.0143767568 0)
(-0.0347436922 0.01424632887 0)
(-0.0297803076 0.01411590093 0)
(-0.024816923 0.013985473 0)
(-0.0198535384 0.01385504507 0)
(-0.0148901538 0.01372461713 0)
(-0.0099267692 0.0135941892 0)
(-0.0049633846 0.01346376127 0)
(0 0.01333333333 0)
(-0.04954659 0.01796980333 0)
(-0.044591931 0.01783948967 0)
(-0.039637272 0.017709176 0)
(-0.034682613 0.01757886233 0)
(-0.029727954 0.01744854867 0)
(-0.024773295 0.017318235 0)
(-0.019818636 0.01718792133 0)
(-0.014863977 0.01705760767 0)
(-0.009909318 0.016927294 0)
(-0.004954659 0.01679698033 0)
(0 0.01666666667 0)
(-0.049459334 0.021301994 0)
(-0.0445134006 0.0211717946 0)
(-0.0395674672 0.0210415952 0)
(-0.0346215338 0.0209113958 0)
(-0.0296756004 0.0207811964 0)
(-0.024729667 0.020650997 0)
(-0.0197837336 0.0205207976 0)
(-0.0148378002 0.0203905982 0)
(-0.0098918668 0.0202603988 0)
(-0.0049459334 0.0201301994 0)
(0 0.02 0)
(-0.04936691666 0.0248312893 0)
(-0.044430225 0.02470121093 0)
(-0.03949353333 0.02457113255 0)
(-0.03455684166 0.02444105418 0)
(-0.02962015 0.0243109758 0)
(-0.02468345833 0.02418089743 0)
(-0.01974676666 0.02405081906 0)
(-0.014810075 0.02392074068 0)
(-0.009873383332 0.02379066231 0)
(-0.004936691666 0.02366058393 0)
(0 0.02353050556 0)
(-0.04933769173 0.02594735047 0)
(-0.04440392256 0.02581731037 0)
(-0.03947015339 0.02568727026 0)
(-0.03453638421 0.02555723016 0)
(-0.02960261504 0.02542719006 0)
(-0.02466884587 0.02529714996 0)
(-0.01973507669 0.02516710985 0)
(-0.01480130752 0.02503706975 0)
(-0.009867538347 0.02490702965 0)
(-0.004933769173 0.02477698955 0)
(0 0.02464694944 0)
(-0.04932845 0.02630028 0)
(-0.044395605 0.026170252 0)
(-0.03946276 0.026040224 0)
(-0.034529915 0.025910196 0)
(-0.02959707 0.025780168 0)
(-0.024664225 0.02565014 0)
(-0.01973138 0.025520112 0)
(-0.014798535 0.025390084 0)
(-0.00986569 0.025260056 0)
(-0.004932845 0.025130028 0)
(0 0.025 0)
(0.007234708576 -0.025 -0.025)
(0.01553438572 -0.025 -0.025)
(0.02505579767 -0.025 -0.025)
(0.03597878707 -0.025 -0.025)
(0.0485096699 -0.025 -0.025)
(0.0628851324 -0.025 -0.025)
(0.07937670165 -0.025 -0.025)
(0.09829587427 -0.025 -0.025)
(0.12 -0.025 -0.025)
(0.1428571429 -0.025 -0.025)
(0.1657142857 -0.025 -0.025)
(0.1885714286 -0.025 -0.025)
(0.2114285714 -0.025 -0.025)
(0.2342857143 -0.025 -0.025)
(0.2571428571 -0.025 -0.025)
(0.28 -0.025 -0.025)
(0.3028571429 -0.025 -0.025)
(0.3257142857 -0.025 -0.025)
(0.3485714286 -0.025 -0.025)
(0.3714285714 -0.025 -0.025)
(0.3942857143 -0.025 -0.025)
(0.4171428571 -0.025 -0.025)
(0.44 -0.025 -0.025)
(0.4628571429 -0.025 -0.025)
(0.4857142857 -0.025 -0.025)
(0.5085714286 -0.025 -0.025)
(0.5314285714 -0.025 -0.025)
(0.5542857143 -0.025 -0.025)
(0.5771428571 -0.025 -0.025)
(0.6 -0.025 -0.025)
(0.007234708576 -0.02464694944 -0.025)
(0.01553438572 -0.02464694944 -0.025)
(0.02505579767 -0.02464694944 -0.025)
(0.03597878707 -0.02464694944 -0.025)
(0.0485096699 -0.02464694944 -0.025)
(0.0628851324 -0.02464694944 -0.025)
(0.07937670165 -0.02464694944 -0.025)
(0.09829587427 -0.02464694944 -0.025)
(0.12 -0.02464694944 -0.025)
(0.1428571429 -0.02464694944 -0.025)
(0.1657142857 -0.02464694944 -0.025)
(0.1885714286 -0.02464694944 -0.025)
(0.2114285714 -0.02464694944 -0.025)
(0.2342857143 -0.02464694944 -0.025)
(0.2571428571 -0.02464694944 -0.025)
(0.28 -0.02464694944 -0.025)
(0.3028571429 -0.02464694944 -0.025)
(0.3257142857 -0.02464694944 -0.025)
(0.3485714286 -0.02464694944 -0.025)
(0.3714285714 -0.02464694944 -0.025)
(0.3942857143 -0.02464694944 -0.025)
(0.4171428571 -0.02464694944 -0.025)
(0.44 -0.02464694944 -0.025)
(0.4628571429 -0.02464694944 -0.025)
(0.4857142857 -0.02464694944 -0.025)
(0.5085714286 -0.02464694944 -0.025)
(0.5314285714 -0.02464694944 -0.025)
(0.5542857143 -0.02464694944 -0.025)
(0.5771428571 -0.02464694944 -0.025)
(0.6 -0.02464694944 -0.025)
(0.007234708576 -0.02353050556 -0.025)
(0.01553438572 -0.02353050556 -0.025)
(0.02505579767 -0.02353050556 -0.025)
(0.03597878707 -0.02353050556 -0.025)
(0.0485096699 -0.02353050556 -0.025)
(0.0628851324 -0.02353050556 -0.025)
(0.07937670165 -0.02353050556 -0.025)
(0.09829587427 -0.02353050556 -0.025)
(0.12 -0.02353050556 -0.025)
(0.1428571429 -0.02353050556 -0.025)
(0.1657142857 -0.02353050556 -0.025)
(0.1885714286 -0.02353050556 -0.025)
(0.2114285714 -0.02353050556 -0.025)
(0.2342857143 -0.02353050556 -0.025)
(0.2571428571 -0.02353050556 -0.025)
(0.28 -0.02353050556 -0.025)
(0.3028571429 -0.02353050556 -0.025)
(0.3257142857 -0.02353050556 -0.025)
(0.3485714286 -0.02353050556 -0.025)
(0.3714285714 -0.02353050556 -0.025)
(0.3942857143 -0.02353050556 -0.025)
(0.4171428571 -0.02353050556 -0.025)
(0.44 -0.02353050556 -0.025)
(0.4628571429 -0.02353050556 -0.025)
(0.4857142857 -0.02353050556 -0.025)
(0.5085714286 -0.02353050556 -0.025)
(0.5314285714 -0.02353050556 -0.025)
(0.5542857143 -0.02353050556 -0.025)
(0.5771428571 -0.02353050556 -0.025)
(0.6 -0.02353050556 -0.025)
(0.007234708576 -0.02 -0.025)
(0.01553438572 -0.02 -0.025)
(0.02505579767 -0.02 -0.025)
(0.03597878707 -0.02 -0.025)
(0.0485096699 -0.02 -0.025)
(0.0628851324 -0.02 -0.025)
(0.07937670165 -0.02 -0.025)
(0.09829587427 -0.02 -0.025)
(0.12 -0.02 -0.025)
(0.1428571429 -0.02 -0.025)
(0.1657142857 -0.02 -0.025)
(0.1885714286 -0.02 -0.025)
(0.2114285714 -0.02 -0.025)
(0.2342857143 -0.02 -0.025)
(0.2571428571 -0.02 -0.025)
(0.28 -0.02 -0.025)
(0.3028571429 -0.02 -0.025)
(0.3257142857 -0.02 -0.025)
(0.3485714286 -0.02 -0.025)
(0.3714285714 -0.02 -0.025)
(0.3942857143 -0.02 -0.025)
(0.4171428571 -0.02 -0.025)
(0.44 -0.02 -0.025)
(0.4628571429 -0.02 -0.025)
(0.4857142857 -0.02 -0.025)
(0.5085714286 -0.02 -0.025)
(0.5314285714 -0.02 -0.025)
(0.5542857143 -0.02 -0.025)
(0.5771428571 -0.02 -0.025)
(0.6 -0.02 -0.025)
(0.007234708576 -0.01666666667 -0.025)
(0.01553438572 -0.01666666667 -0.025)
(0.02505579767 -0.01666666667 -0.025)
(0.03597878707 -0.01666666667 -0.025)
(0.0485096699 -0.01666666667 -0.025)
(0.0628851324 -0.01666666667 -0.025)
(0.07937670165 -0.01666666667 -0.025)
(0.09829587427 -0.01666666667 -0.025)
(0.12 -0.01666666667 -0.025)
(0.1428571429 -0.01666666667 -0.025)
(0.1657142857 -0.01666666667 -0.025)
(0.1885714286 -0.01666666667 -0.025)
(0.2114285714 -0.01666666667 -0.025)
(0.2342857143 -0.01666666667 -0.025)
(0.2571428571 -0.01666666667 -0.025)
(0.28 -0.01666666667 -0.025)
(0.3028571429 -0.01666666667 -0.025)
(0.3257142857 -0.01666666667 -0.025)
(0.3485714286 -0.01666666667 -0.025)
(0.3714285714 -0.01666666667 -0.025)
(0.3942857143 -0.01666666667 -0.025)
(0.4171428571 -0.01666666667 -0.025)
(0.44 -0.01666666667 -0.025)
(0.4628571429 -0.01666666667 -0.025)
(0.4857142857 -0.01666666667 -0.025)
(0.5085714286 -0.01666666667 -0.025)
(0.5314285714 -0.01666666667 -0.025)
(0.5542857143 -0.01666666667 -0.025)
(0.5771428571 -0.01666666667 -0.025)
(0.6 -0.01666666667 -0.025)
(0.007234708576 -0.01333333333 -0.025)
(0.01553438572 -0.01333333333 -0.025)
(0.02505579767 -0.01333333333 -0.025)
(0.03597878707 -0.01333333333 -0.025)
(0.0485096699 -0.01333333333 -0.025)
(0.0628851324 -0.01333333333 -0.025)
(0.07937670165 -0.01333333333 -0.025)
(0.09829587427 -0.01333333333 -0.025)
(0.12 -0.01333333333 -0.025)
(0.1428571429 -0.01333333333 -0.025)
(0.1657142857 -0.01333333333 -0.025)
(0.1885714286 -0.01333333333 -0.025)
(0.2114285714 -0.01333333333 -0.025)
(0.2342857143 -0.01333333333 -0.025)
(0.2571428571 -0.01333333333 -0.025)
(0.28 -0.01333333333 -0.025)
(0.3028571429 -0.01333333333 -0.025)
(0.3257142857 -0.01333333333 -0.025)
(0.3485714286 -0.01333333333 -0.025)
(0.3714285714 -0.01333333333 -0.025)
(0.3942857143 -0.01333333333 -0.025)
(0.4171428571 -0.01333333333 -0.025)
(0.44 -0.01333333333 -0.025)
(0.4628571429 -0.01333333333 -0.025)
(0.4857142857 -0.01333333333 -0.025)
(0.5085714286 -0.01333333333 -0.025)
(0.5314285714 -0.01333333333 -0.025)
(0.5542857143 -0.01333333333 -0.025)
(0.5771428571 -0.01333333333 -0.025)
(0.6 -0.01333333333 -0.025)
(0.007234708576 -0.01 -0.025)
(0.01553438572 -0.01 -0.025)
(0.02505579767 -0.01 -0.025)
(0.03597878707 -0.01 -0.025)
(0.0485096699 -0.01 -0.025)
(0.0628851324 -0.01 -0.025)
(0.07937670165 -0.01 -0.025)
(0.09829587427 -0.01 -0.025)
(0.12 -0.01 -0.025)
(0.1428571429 -0.01 -0.025)
(0.1657142857 -0.01 -0.025)
(0.1885714286 -0.01 -0.025)
(0.2114285714 -0.01 -0.025)
(0.2342857143 -0.01 -0.025)
(0.2571428571 -0.01 -0.025)
(0.28 -0.01 -0.025)
(0.3028571429 -0.01 -0.025)
(0.3257142857 -0.01 -0.025)
(0.3485714286 -0.01 -0.025)
(0.3714285714 -0.01 -0.025)
(0.3942857143 -0.01 -0.025)
(0.4171428571 -0.01 -0.025)
(0.44 -0.01 -0.025)
(0.4628571429 -0.01 -0.025)
(0.4857142857 -0.01 -0.025)
(0.5085714286 -0.01 -0.025)
(0.5314285714 -0.01 -0.025)
(0.5542857143 -0.01 -0.025)
(0.5771428571 -0.01 -0.025)
(0.6 -0.01 -0.025)
(0.007234708576 -0.006579630872 -0.025)
(0.01553438572 -0.006579630872 -0.025)
(0.02505579767 -0.006579630872 -0.025)
(0.03597878707 -0.006579630872 -0.025)
(0.0485096699 -0.006579630872 -0.025)
(0.0628851324 -0.006579630872 -0.025)
(0.07937670165 -0.006579630872 -0.025)
(0.09829587427 -0.006579630872 -0.025)
(0.12 -0.006579630872 -0.025)
(0.1428571429 -0.006579630872 -0.025)
(0.1657142857 -0.006579630872 -0.025)
(0.1885714286 -0.006579630872 -0.025)
(0.2114285714 -0.006579630872 -0.025)
(0.2342857143 -0.006579630872 -0.025)
(0.2571428571 -0.006579630872 -0.025)
(0.28 -0.006579630872 -0.025)
(0.3028571429 -0.006579630872 -0.025)
(0.3257142857 -0.006579630872 -0.025)
(0.3485714286 -0.006579630872 -0.025)
(0.3714285714 -0.006579630872 -0.025)
(0.3942857143 -0.006579630872 -0.025)
(0.4171428571 -0.006579630872 -0.025)
(0.44 -0.006579630872 -0.025)
(0.4628571429 -0.006579630872 -0.025)
(0.4857142857 -0.006579630872 -0.025)
(0.5085714286 -0.006579630872 -0.025)
(0.5314285714 -0.006579630872 -0.025)
(0.5542857143 -0.006579630872 -0.025)
(0.5771428571 -0.006579630872 -0.025)
(0.6 -0.006579630872 -0.025)
(0.007234708576 -0.003864882096 -0.025)
(0.01553438572 -0.003864882096 -0.025)
(0.02505579767 -0.003864882096 -0.025)
(0.03597878707 -0.003864882096 -0.025)
(0.0485096699 -0.003864882096 -0.025)
(0.0628851324 -0.003864882096 -0.025)
(0.07937670165 -0.003864882096 -0.025)
(0.09829587427 -0.003864882096 -0.025)
(0.12 -0.003864882096 -0.025)
(0.1428571429 -0.003864882096 -0.025)
(0.1657142857 -0.003864882096 -0.025)
(0.1885714286 -0.003864882096 -0.025)
(0.2114285714 -0.003864882096 -0.025)
(0.2342857143 -0.003864882096 -0.025)
(0.2571428571 -0.003864882096 -0.025)
(0.28 -0.003864882096 -0.025)
(0.3028571429 -0.003864882096 -0.025)
(0.3257142857 -0.003864882096 -0.025)
(0.3485714286 -0.003864882096 -0.025)
(0.3714285714 -0.003864882096 -0.025)
(0.3942857143 -0.003864882096 -0.025)
(0.4171428571 -0.003864882096 -0.025)
(0.44 -0.003864882096 -0.025)
(0.4628571429 -0.003864882096 -0.025)
(0.4857142857 -0.003864882096 -0.025)
(0.5085714286 -0.003864882096 -0.025)
(0.5314285714 -0.003864882096 -0.025)
(0.5542857143 -0.003864882096 -0.025)
(0.5771428571 -0.003864882096 -0.025)
(0.6 -0.003864882096 -0.025)
(0.007234708576 -0.001710184564 -0.025)
(0.01553438572 -0.001710184564 -0.025)
(0.02505579767 -0.001710184564 -0.025)
(0.03597878707 -0.001710184564 -0.025)
(0.0485096699 -0.001710184564 -0.025)
(0.0628851324 -0.001710184564 -0.025)
(0.07937670165 -0.001710184564 -0.025)
(0.09829587427 -0.001710184564 -0.025)
(0.12 -0.001710184564 -0.025)
(0.1428571429 -0.001710184564 -0.025)
(0.1657142857 -0.001710184564 -0.025)
(0.1885714286 -0.001710184564 -0.025)
(0.2114285714 -0.001710184564 -0.025)
(0.2342857143 -0.001710184564 -0.025)
(0.2571428571 -0.001710184564 -0.025)
(0.28 -0.001710184564 -0.025)
(0.3028571429 -0.001710184564 -0.025)
(0.3257142857 -0.001710184564 -0.025)
(0.3485714286 -0.001710184564 -0.025)
(0.3714285714 -0.001710184564 -0.025)
(0.3942857143 -0.001710184564 -0.025)
(0.4171428571 -0.001710184564 -0.025)
(0.44 -0.001710184564 -0.025)
(0.4628571429 -0.001710184564 -0.025)
(0.4857142857 -0.001710184564 -0.025)
(0.5085714286 -0.001710184564 -0.025)
(0.5314285714 -0.001710184564 -0.025)
(0.5542857143 -0.001710184564 -0.025)
(0.5771428571 -0.001710184564 -0.025)
(0.6 -0.001710184564 -0.025)
(0.007234708576 0 -0.025)
(0.01553438572 0 -0.025)
(0.02505579767 0 -0.025)
(0.03597878707 0 -0.025)
(0.0485096699 0 -0.025)
(0.0628851324 0 -0.025)
(0.07937670165 0 -0.025)
(0.09829587427 0 -0.025)
(0.12 0 -0.025)
(0.1428571429 0 -0.025)
(0.1657142857 0 -0.025)
(0.1885714286 0 -0.025)
(0.2114285714 0 -0.025)
(0.2342857143 0 -0.025)
(0.2571428571 0 -0.025)
(0.28 0 -0.025)
(0.3028571429 0 -0.025)
(0.3257142857 0 -0.025)
(0.3485714286 0 -0.025)
(0.3714285714 0 -0.025)
(0.3942857143 0 -0.025)
(0.4171428571 0 -0.025)
(0.44 0 -0.025)
(0.4628571429 0 -0.025)
(0.4857142857 0 -0.025)
(0.5085714286 0 -0.025)
(0.5314285714 0 -0.025)
(0.5542857143 0 -0.025)
(0.5771428571 0 -0.025)
(0.6 0 -0.025)
(0.007234708576 -0.025 0)
(0.01553438572 -0.025 0)
(0.02505579767 -0.025 0)
(0.03597878707 -0.025 0)
(0.0485096699 -0.025 0)
(0.0628851324 -0.025 0)
(0.07937670165 -0.025 0)
(0.09829587427 -0.025 0)
(0.12 -0.025 0)
(0.1428571429 -0.025 0)
(0.1657142857 -0.025 0)
(0.1885714286 -0.025 0)
(0.2114285714 -0.025 0)
(0.2342857143 -0.025 0)
(0.2571428571 -0.025 0)
(0.28 -0.025 0)
(0.3028571429 -0.025 0)
(0.3257142857 -0.025 0)
(0.3485714286 -0.025 0)
(0.3714285714 -0.025 0)
(0.3942857143 -0.025 0)
(0.4171428571 -0.025 0)
(0.44 -0.025 0)
(0.4628571429 -0.025 0)
(0.4857142857 -0.025 0)
(0.5085714286 -0.025 0)
(0.5314285714 -0.025 0)
(0.5542857143 -0.025 0)
(0.5771428571 -0.025 0)
(0.6 -0.025 0)
(0.007234708576 -0.02464694944 0)
(0.01553438572 -0.02464694944 0)
(0.02505579767 -0.02464694944 0)
(0.03597878707 -0.02464694944 0)
(0.0485096699 -0.02464694944 0)
(0.0628851324 -0.02464694944 0)
(0.07937670165 -0.02464694944 0)
(0.09829587427 -0.02464694944 0)
(0.12 -0.02464694944 0)
(0.1428571429 -0.02464694944 0)
(0.1657142857 -0.02464694944 0)
(0.1885714286 -0.02464694944 0)
(0.2114285714 -0.02464694944 0)
(0.2342857143 -0.02464694944 0)
(0.2571428571 -0.02464694944 0)
(0.28 -0.02464694944 0)
(0.3028571429 -0.02464694944 0)
(0.3257142857 -0.02464694944 0)
(0.3485714286 -0.02464694944 0)
(0.3714285714 -0.02464694944 0)
(0.3942857143 -0.02464694944 0)
(0.4171428571 -0.02464694944 0)
(0.44 -0.02464694944 0)
(0.4628571429 -0.02464694944 0)
(0.4857142857 -0.02464694944 0)
(0.5085714286 -0.02464694944 0)
(0.5314285714 -0.02464694944 0)
(0.5542857143 -0.02464694944 0)
(0.5771428571 -0.02464694944 0)
(0.6 -0.02464694944 0)
(0.007234708576 -0.02353050556 0)
(0.01553438572 -0.02353050556 0)
(0.02505579767 -0.02353050556 0)
(0.03597878707 -0.02353050556 0)
(0.0485096699 -0.02353050556 0)
(0.0628851324 -0.02353050556 0)
(0.07937670165 -0.02353050556 0)
(0.09829587427 -0.02353050556 0)
(0.12 -0.02353050556 0)
(0.1428571429 -0.02353050556 0)
(0.1657142857 -0.02353050556 0)
(0.1885714286 -0.02353050556 0)
(0.2114285714 -0.02353050556 0)
(0.2342857143 -0.02353050556 0)
(0.2571428571 -0.02353050556 0)
(0.28 -0.02353050556 0)
(0.3028571429 -0.02353050556 0)
(0.3257142857 -0.02353050556 0)
(0.3485714286 -0.02353050556 0)
(0.3714285714 -0.02353050556 0)
(0.3942857143 -0.02353050556 0)
(0.4171428571 -0.02353050556 0)
(0.44 -0.02353050556 0)
(0.4628571429 -0.02353050556 0)
(0.4857142857 -0.02353050556 0)
(0.5085714286 -0.02353050556 0)
(0.5314285714 -0.02353050556 0)
(0.5542857143 -0.02353050556 0)
(0.5771428571 -0.02353050556 0)
(0.6 -0.02353050556 0)
(0.007234708576 -0.02 0)
(0.01553438572 -0.02 0)
(0.02505579767 -0.02 0)
(0.03597878707 -0.02 0)
(0.0485096699 -0.02 0)
(0.0628851324 -0.02 0)
(0.07937670165 -0.02 0)
(0.09829587427 -0.02 0)
(0.12 -0.02 0)
(0.1428571429 -0.02 0)
(0.1657142857 -0.02 0)
(0.1885714286 -0.02 0)
(0.2114285714 -0.02 0)
(0.2342857143 -0.02 0)
(0.2571428571 -0.02 0)
(0.28 -0.02 0)
(0.3028571429 -0.02 0)
(0.3257142857 -0.02 0)
(0.3485714286 -0.02 0)
(0.3714285714 -0.02 0)
(0.3942857143 -0.02 0)
(0.4171428571 -0.02 0)
(0.44 -0.02 0)
(0.4628571429 -0.02 0)
(0.4857142857 -0.02 0)
(0.5085714286 -0.02 0)
(0.5314285714 -0.02 0)
(0.5542857143 -0.02 0)
(0.5771428571 -0.02 0)
(0.6 -0.02 0)
(0.007234708576 -0.01666666667 0)
(0.01553438572 -0.01666666667 0)
(0.02505579767 -0.01666666667 0)
(0.03597878707 -0.01666666667 0)
(0.0485096699 -0.01666666667 0)
(0.0628851324 -0.01666666667 0)
(0.07937670165 -0.01666666667 0)
(0.09829587427 -0.01666666667 0)
(0.12 -0.01666666667 0)
(0.1428571429 -0.01666666667 0)
(0.1657142857 -0.01666666667 0)
(0.1885714286 -0.01666666667 0)
(0.2114285714 -0.01666666667 0)
(0.2342857143 -0.01666666667 0)
(0.2571428571 -0.01666666667 0)
(0.28 -0.01666666667 0)
(0.3028571429 -0.01666666667 0)
(0.3257142857 -0.01666666667 0)
(0.3485714286 -0.01666666667 0)
(0.3714285714 -0.01666666667 0)
(0.3942857143 -0.01666666667 0)
(0.4171428571 -0.01666666667 0)
(0.44 -0.01666666667 0)
(0.4628571429 -0.01666666667 0)
(0.4857142857 -0.01666666667 0)
(0.5085714286 -0.01666666667 0)
(0.5314285714 -0.01666666667 0)
(0.5542857143 -0.01666666667 0)
(0.5771428571 -0.01666666667 0)
(0.6 -0.01666666667 0)
(0.007234708576 -0.01333333333 0)
(0.01553438572 -0.01333333333 0)
(0.02505579767 -0.01333333333 0)
(0.03597878707 -0.01333333333 0)
(0.0485096699 -0.01333333333 0)
(0.0628851324 -0.01333333333 0)
(0.07937670165 -0.01333333333 0)
(0.09829587427 -0.01333333333 0)
(0.12 -0.01333333333 0)
(0.1428571429 -0.01333333333 0)
(0.1657142857 -0.01333333333 0)
(0.1885714286 -0.01333333333 0)
(0.2114285714 -0.01333333333 0)
(0.2342857143 -0.01333333333 0)
(0.2571428571 -0.01333333333 0)
(0.28 -0.01333333333 0)
(0.3028571429 -0.01333333333 0)
(0.3257142857 -0.01333333333 0)
(0.3485714286 -0.01333333333 0)
(0.3714285714 -0.01333333333 0)
(0.3942857143 -0.01333333333 0)
(0.4171428571 -0.01333333333 0)
(0.44 -0.01333333333 0)
(0.4628571429 -0.01333333333 0)
(0.4857142857 -0.01333333333 0)
(0.5085714286 -0.01333333333 0)
(0.5314285714 -0.01333333333 0)
(0.5542857143 -0.01333333333 0)
(0.5771428571 -0.01333333333 0)
(0.6 -0.01333333333 0)
(0.007234708576 -0.01 0)
(0.01553438572 -0.01 0)
(0.02505579767 -0.01 0)
(0.03597878707 -0.01 0)
(0.0485096699 -0.01 0)
(0.0628851324 -0.01 0)
(0.07937670165 -0.01 0)
(0.09829587427 -0.01 0)
(0.12 -0.01 0)
(0.1428571429 -0.01 0)
(0.1657142857 -0.01 0)
(0.1885714286 -0.01 0)
(0.2114285714 -0.01 0)
(0.2342857143 -0.01 0)
(0.2571428571 -0.01 0)
(0.28 -0.01 0)
(0.3028571429 -0.01 0)
(0.3257142857 -0.01 0)
(0.3485714286 -0.01 0)
(0.3714285714 -0.01 0)
(0.3942857143 -0.01 0)
(0.4171428571 -0.01 0)
(0.44 -0.01 0)
(0.4628571429 -0.01 0)
(0.4857142857 -0.01 0)
(0.5085714286 -0.01 0)
(0.5314285714 -0.01 0)
(0.5542857143 -0.01 0)
(0.5771428571 -0.01 0)
(0.6 -0.01 0)
(0.007234708576 -0.006579630872 0)
(0.01553438572 -0.006579630872 0)
(0.02505579767 -0.006579630872 0)
(0.03597878707 -0.006579630872 0)
(0.0485096699 -0.006579630872 0)
(0.0628851324 -0.006579630872 0)
(0.07937670165 -0.006579630872 0)
(0.09829587427 -0.006579630872 0)
(0.12 -0.006579630872 0)
(0.1428571429 -0.006579630872 0)
(0.1657142857 -0.006579630872 0)
(0.1885714286 -0.006579630872 0)
(0.2114285714 -0.006579630872 0)
(0.2342857143 -0.006579630872 0)
(0.2571428571 -0.006579630872 0)
(0.28 -0.006579630872 0)
(0.3028571429 -0.006579630872 0)
(0.3257142857 -0.006579630872 0)
(0.3485714286 -0.006579630872 0)
(0.3714285714 -0.006579630872 0)
(0.3942857143 -0.006579630872 0)
(0.4171428571 -0.006579630872 0)
(0.44 -0.006579630872 0)
(0.4628571429 -0.006579630872 0)
(0.4857142857 -0.006579630872 0)
(0.5085714286 -0.006579630872 0)
(0.5314285714 -0.006579630872 0)
(0.5542857143 -0.006579630872 0)
(0.5771428571 -0.006579630872 0)
(0.6 -0.006579630872 0)
(0.007234708576 -0.003864882096 0)
(0.01553438572 -0.003864882096 0)
(0.02505579767 -0.003864882096 0)
(0.03597878707 -0.003864882096 0)
(0.0485096699 -0.003864882096 0)
(0.0628851324 -0.003864882096 0)
(0.07937670165 -0.003864882096 0)
(0.09829587427 -0.003864882096 0)
(0.12 -0.003864882096 0)
(0.1428571429 -0.003864882096 0)
(0.1657142857 -0.003864882096 0)
(0.1885714286 -0.003864882096 0)
(0.2114285714 -0.003864882096 0)
(0.2342857143 -0.003864882096 0)
(0.2571428571 -0.003864882096 0)
(0.28 -0.003864882096 0)
(0.3028571429 -0.003864882096 0)
(0.3257142857 -0.003864882096 0)
(0.3485714286 -0.003864882096 0)
(0.3714285714 -0.003864882096 0)
(0.3942857143 -0.003864882096 0)
(0.4171428571 -0.003864882096 0)
(0.44 -0.003864882096 0)
(0.4628571429 -0.003864882096 0)
(0.4857142857 -0.003864882096 0)
(0.5085714286 -0.003864882096 0)
(0.5314285714 -0.003864882096 0)
(0.5542857143 -0.003864882096 0)
(0.5771428571 -0.003864882096 0)
(0.6 -0.003864882096 0)
(0.007234708576 -0.001710184564 0)
(0.01553438572 -0.001710184564 0)
(0.02505579767 -0.001710184564 0)
(0.03597878707 -0.001710184564 0)
(0.0485096699 -0.001710184564 0)
(0.0628851324 -0.001710184564 0)
(0.07937670165 -0.001710184564 0)
(0.09829587427 -0.001710184564 0)
(0.12 -0.001710184564 0)
(0.1428571429 -0.001710184564 0)
(0.1657142857 -0.001710184564 0)
(0.1885714286 -0.001710184564 0)
(0.2114285714 -0.001710184564 0)
(0.2342857143 -0.001710184564 0)
(0.2571428571 -0.001710184564 0)
(0.28 -0.001710184564 0)
(0.3028571429 -0.001710184564 0)
(0.3257142857 -0.001710184564 0)
(0.3485714286 -0.001710184564 0)
(0.3714285714 -0.001710184564 0)
(0.3942857143 -0.001710184564 0)
(0.4171428571 -0.001710184564 0)
(0.44 -0.001710184564 0)
(0.4628571429 -0.001710184564 0)
(0.4857142857 -0.001710184564 0)
(0.5085714286 -0.001710184564 0)
(0.5314285714 -0.001710184564 0)
(0.5542857143 -0.001710184564 0)
(0.5771428571 -0.001710184564 0)
(0.6 -0.001710184564 0)
(0.007234708576 0 0)
(0.01553438572 0 0)
(0.02505579767 0 0)
(0.03597878707 0 0)
(0.0485096699 0 0)
(0.0628851324 0 0)
(0.07937670165 0 0)
(0.09829587427 0 0)
(0.12 0 0)
(0.1428571429 0 0)
(0.1657142857 0 0)
(0.1885714286 0 0)
(0.2114285714 0 0)
(0.2342857143 0 0)
(0.2571428571 0 0)
(0.28 0 0)
(0.3028571429 0 0)
(0.3257142857 0 0)
(0.3485714286 0 0)
(0.3714285714 0 0)
(0.3942857143 0 0)
(0.4171428571 0 0)
(0.44 0 0)
(0.4628571429 0 0)
(0.4857142857 0 0)
(0.5085714286 0 0)
(0.5314285714 0 0)
(0.5542857143 0 0)
(0.5771428571 0 0)
(0.6 0 0)
(0.007234708576 0.001710184564 -0.025)
(0.01553438572 0.001710184564 -0.025)
(0.02505579767 0.001710184564 -0.025)
(0.03597878707 0.001710184564 -0.025)
(0.0485096699 0.001710184564 -0.025)
(0.0628851324 0.001710184564 -0.025)
(0.07937670165 0.001710184564 -0.025)
(0.09829587427 0.001710184564 -0.025)
(0.12 0.001710184564 -0.025)
(0.1428571429 0.001710184564 -0.025)
(0.1657142857 0.001710184564 -0.025)
(0.1885714286 0.001710184564 -0.025)
(0.2114285714 0.001710184564 -0.025)
(0.2342857143 0.001710184564 -0.025)
(0.2571428571 0.001710184564 -0.025)
(0.28 0.001710184564 -0.025)
(0.3028571429 0.001710184564 -0.025)
(0.3257142857 0.001710184564 -0.025)
(0.3485714286 0.001710184564 -0.025)
(0.3714285714 0.001710184564 -0.025)
(0.3942857143 0.001710184564 -0.025)
(0.4171428571 0.001710184564 -0.025)
(0.44 0.001710184564 -0.025)
(0.4628571429 0.001710184564 -0.025)
(0.4857142857 0.001710184564 -0.025)
(0.5085714286 0.001710184564 -0.025)
(0.5314285714 0.001710184564 -0.025)
(0.5542857143 0.001710184564 -0.025)
(0.5771428571 0.001710184564 -0.025)
(0.6 0.001710184564 -0.025)
(0.007234708576 0.003864882096 -0.025)
(0.01553438572 0.003864882096 -0.025)
(0.02505579767 0.003864882096 -0.025)
(0.03597878707 0.003864882096 -0.025)
(0.0485096699 0.003864882096 -0.025)
(0.0628851324 0.003864882096 -0.025)
(0.07937670165 0.003864882096 -0.025)
(0.09829587427 0.003864882096 -0.025)
(0.12 0.003864882096 -0.025)
(0.1428571429 0.003864882096 -0.025)
(0.1657142857 0.003864882096 -0.025)
(0.1885714286 0.003864882096 -0.025)
(0.2114285714 0.003864882096 -0.025)
(0.2342857143 0.003864882096 -0.025)
(0.2571428571 0.003864882096 -0.025)
(0.28 0.003864882096 -0.025)
(0.3028571429 0.003864882096 -0.025)
(0.3257142857 0.003864882096 -0.025)
(0.3485714286 0.003864882096 -0.025)
(0.3714285714 0.003864882096 -0.025)
(0.3942857143 0.003864882096 -0.025)
(0.4171428571 0.003864882096 -0.025)
(0.44 0.003864882096 -0.025)
(0.4628571429 0.003864882096 -0.025)
(0.4857142857 0.003864882096 -0.025)
(0.5085714286 0.003864882096 -0.025)
(0.5314285714 0.003864882096 -0.025)
(0.5542857143 0.003864882096 -0.025)
(0.5771428571 0.003864882096 -0.025)
(0.6 0.003864882096 -0.025)
(0.007234708576 0.006579630872 -0.025)
(0.01553438572 0.006579630872 -0.025)
(0.02505579767 0.006579630872 -0.025)
(0.03597878707 0.006579630872 -0.025)
(0.0485096699 0.006579630872 -0.025)
(0.0628851324 0.006579630872 -0.025)
(0.07937670165 0.006579630872 -0.025)
(0.09829587427 0.006579630872 -0.025)
(0.12 0.006579630872 -0.025)
(0.1428571429 0.006579630872 -0.025)
(0.1657142857 0.006579630872 -0.025)
(0.1885714286 0.006579630872 -0.025)
(0.2114285714 0.006579630872 -0.025)
(0.2342857143 0.006579630872 -0.025)
(0.2571428571 0.006579630872 -0.025)
(0.28 0.006579630872 -0.025)
(0.3028571429 0.006579630872 -0.025)
(0.3257142857 0.006579630872 -0.025)
(0.3485714286 0.006579630872 -0.025)
(0.3714285714 0.006579630872 -0.025)
(0.3942857143 0.006579630872 -0.025)
(0.4171428571 0.006579630872 -0.025)
(0.44 0.006579630872 -0.025)
(0.4628571429 0.006579630872 -0.025)
(0.4857142857 0.006579630872 -0.025)
(0.5085714286 0.006579630872 -0.025)
(0.5314285714 0.006579630872 -0.025)
(0.5542857143 0.006579630872 -0.025)
(0.5771428571 0.006579630872 -0.025)
(0.6 0.006579630872 -0.025)
(0.007234708576 0.01 -0.025)
(0.01553438572 0.01 -0.025)
(0.02505579767 0.01 -0.025)
(0.03597878707 0.01 -0.025)
(0.0485096699 0.01 -0.025)
(0.0628851324 0.01 -0.025)
(0.07937670165 0.01 -0.025)
(0.09829587427 0.01 -0.025)
(0.12 0.01 -0.025)
(0.1428571429 0.01 -0.025)
(0.1657142857 0.01 -0.025)
(0.1885714286 0.01 -0.025)
(0.2114285714 0.01 -0.025)
(0.2342857143 0.01 -0.025)
(0.2571428571 0.01 -0.025)
(0.28 0.01 -0.025)
(0.3028571429 0.01 -0.025)
(0.3257142857 0.01 -0.025)
(0.3485714286 0.01 -0.025)
(0.3714285714 0.01 -0.025)
(0.3942857143 0.01 -0.025)
(0.4171428571 0.01 -0.025)
(0.44 0.01 -0.025)
(0.4628571429 0.01 -0.025)
(0.4857142857 0.01 -0.025)
(0.5085714286 0.01 -0.025)
(0.5314285714 0.01 -0.025)
(0.5542857143 0.01 -0.025)
(0.5771428571 0.01 -0.025)
(0.6 0.01 -0.025)
(0.007234708576 0.01333333333 -0.025)
(0.01553438572 0.01333333333 -0.025)
(0.02505579767 0.01333333333 -0.025)
(0.03597878707 0.01333333333 -0.025)
(0.0485096699 0.01333333333 -0.025)
(0.0628851324 0.01333333333 -0.025)
(0.07937670165 0.01333333333 -0.025)
(0.09829587427 0.01333333333 -0.025)
(0.12 0.01333333333 -0.025)
(0.1428571429 0.01333333333 -0.025)
(0.1657142857 0.01333333333 -0.025)
(0.1885714286 0.01333333333 -0.025)
(0.2114285714 0.01333333333 -0.025)
(0.2342857143 0.01333333333 -0.025)
(0.2571428571 0.01333333333 -0.025)
(0.28 0.01333333333 -0.025)
(0.3028571429 0.01333333333 -0.025)
(0.3257142857 0.01333333333 -0.025)
(0.3485714286 0.01333333333 -0.025)
(0.3714285714 0.01333333333 -0.025)
(0.3942857143 0.01333333333 -0.025)
(0.4171428571 0.01333333333 -0.025)
(0.44 0.01333333333 -0.025)
(0.4628571429 0.01333333333 -0.025)
(0.4857142857 0.01333333333 -0.025)
(0.5085714286 0.01333333333 -0.025)
(0.5314285714 0.01333333333 -0.025)
(0.5542857143 0.01333333333 -0.025)
(0.5771428571 0.01333333333 -0.025)
(0.6 0.01333333333 -0.025)
(0.007234708576 0.01666666667 -0.025)
(0.01553438572 0.01666666667 -0.025)
(0.02505579767 0.01666666667 -0.025)
(0.03597878707 0.01666666667 -0.025)
(0.0485096699 0.01666666667 -0.025)
(0.0628851324 0.01666666667 -0.025)
(0.07937670165 0.01666666667 -0.025)
(0.09829587427 0.01666666667 -0.025)
(0.12 0.01666666667 -0.025)
(0.1428571429 0.01666666667 -0.025)
(0.1657142857 0.01666666667 -0.025)
(0.1885714286 0.01666666667 -0.025)
(0.2114285714 0.01666666667 -0.025)
(0.2342857143 0.01666666667 -0.025)
(0.2571428571 0.01666666667 -0.025)
(0.28 0.01666666667 -0.025)
(0.3028571429 0.01666666667 -0.025)
(0.3257142857 0.01666666667 -0.025)
(0.3485714286 0.01666666667 -0.025)
(0.3714285714 0.01666666667 -0.025)
(0.3942857143 0.01666666667 -0.025)
(0.4171428571 0.01666666667 -0.025)
(0.44 0.01666666667 -0.025)
(0.4628571429 0.01666666667 -0.025)
(0.4857142857 0.01666666667 -0.025)
(0.5085714286 0.01666666667 -0.025)
(0.5314285714 0.01666666667 -0.025)
(0.5542857143 0.01666666667 -0.025)
(0.5771428571 0.01666666667 -0.025)
(0.6 0.01666666667 -0.025)
(0.007234708576 0.02 -0.025)
(0.01553438572 0.02 -0.025)
(0.02505579767 0.02 -0.025)
(0.03597878707 0.02 -0.025)
(0.0485096699 0.02 -0.025)
(0.0628851324 0.02 -0.025)
(0.07937670165 0.02 -0.025)
(0.09829587427 0.02 -0.025)
(0.12 0.02 -0.025)
(0.1428571429 0.02 -0.025)
(0.1657142857 0.02 -0.025)
(0.1885714286 0.02 -0.025)
(0.2114285714 0.02 -0.025)
(0.2342857143 0.02 -0.025)
(0.2571428571 0.02 -0.025)
(0.28 0.02 -0.025)
(0.3028571429 0.02 -0.025)
(0.3257142857 0.02 -0.025)
(0.3485714286 0.02 -0.025)
(0.3714285714 0.02 -0.025)
(0.3942857143 0.02 -0.025)
(0.4171428571 0.02 -0.025)
(0.44 0.02 -0.025)
(0.4628571429 0.02 -0.025)
(0.4857142857 0.02 -0.025)
(0.5085714286 0.02 -0.025)
(0.5314285714 0.02 -0.025)
(0.5542857143 0.02 -0.025)
(0.5771428571 0.02 -0.025)
(0.6 0.02 -0.025)
(0.007234708576 0.02353050556 -0.025)
(0.01553438572 0.02353050556 -0.025)
(0.02505579767 0.02353050556 -0.025)
(0.03597878707 0.02353050556 -0.025)
(0.0485096699 0.02353050556 -0.025)
(0.0628851324 0.02353050556 -0.025)
(0.07937670165 0.02353050556 -0.025)
(0.09829587427 0.02353050556 -0.025)
(0.12 0.02353050556 -0.025)
(0.1428571429 0.02353050556 -0.025)
(0.1657142857 0.02353050556 -0.025)
(0.1885714286 0.02353050556 -0.025)
(0.2114285714 0.02353050556 -0.025)
(0.2342857143 0.02353050556 -0.025)
(0.2571428571 0.02353050556 -0.025)
(0.28 0.02353050556 -0.025)
(0.3028571429 0.02353050556 -0.025)
(0.3257142857 0.02353050556 -0.025)
(0.3485714286 0.02353050556 -0.025)
(0.3714285714 0.02353050556 -0.025)
(0.3942857143 0.02353050556 -0.025)
(0.4171428571 0.02353050556 -0.025)
(0.44 0.02353050556 -0.025)
(0.4628571429 0.02353050556 -0.025)
(0.4857142857 0.02353050556 -0.025)
(0.5085714286 0.02353050556 -0.025)
(0.5314285714 0.02353050556 -0.025)
(0.5542857143 0.02353050556 -0.025)
(0.5771428571 0.02353050556 -0.025)
(0.6 0.02353050556 -0.025)
(0.007234708576 0.02464694944 -0.025)
(0.01553438572 0.02464694944 -0.025)
(0.02505579767 0.02464694944 -0.025)
(0.03597878707 0.02464694944 -0.025)
(0.0485096699 0.02464694944 -0.025)
(0.0628851324 0.02464694944 -0.025)
(0.07937670165 0.02464694944 -0.025)
(0.09829587427 0.02464694944 -0.025)
(0.12 0.02464694944 -0.025)
(0.1428571429 0.02464694944 -0.025)
(0.1657142857 0.02464694944 -0.025)
(0.1885714286 0.02464694944 -0.025)
(0.2114285714 0.02464694944 -0.025)
(0.2342857143 0.02464694944 -0.025)
(0.2571428571 0.02464694944 -0.025)
(0.28 0.02464694944 -0.025)
(0.3028571429 0.02464694944 -0.025)
(0.3257142857 0.02464694944 -0.025)
(0.3485714286 0.02464694944 -0.025)
(0.3714285714 0.02464694944 -0.025)
(0.3942857143 0.02464694944 -0.025)
(0.4171428571 0.02464694944 -0.025)
(0.44 0.02464694944 -0.025)
(0.4628571429 0.02464694944 -0.025)
(0.4857142857 0.02464694944 -0.025)
(0.5085714286 0.02464694944 -0.025)
(0.5314285714 0.02464694944 -0.025)
(0.5542857143 0.02464694944 -0.025)
(0.5771428571 0.02464694944 -0.025)
(0.6 0.02464694944 -0.025)
(0.007234708576 0.025 -0.025)
(0.01553438572 0.025 -0.025)
(0.02505579767 0.025 -0.025)
(0.03597878707 0.025 -0.025)
(0.0485096699 0.025 -0.025)
(0.0628851324 0.025 -0.025)
(0.07937670165 0.025 -0.025)
(0.09829587427 0.025 -0.025)
(0.12 0.025 -0.025)
(0.1428571429 0.025 -0.025)
(0.1657142857 0.025 -0.025)
(0.1885714286 0.025 -0.025)
(0.2114285714 0.025 -0.025)
(0.2342857143 0.025 -0.025)
(0.2571428571 0.025 -0.025)
(0.28 0.025 -0.025)
(0.3028571429 0.025 -0.025)
(0.3257142857 0.025 -0.025)
(0.3485714286 0.025 -0.025)
(0.3714285714 0.025 -0.025)
(0.3942857143 0.025 -0.025)
(0.4171428571 0.025 -0.025)
(0.44 0.025 -0.025)
(0.4628571429 0.025 -0.025)
(0.4857142857 0.025 -0.025)
(0.5085714286 0.025 -0.025)
(0.5314285714 0.025 -0.025)
(0.5542857143 0.025 -0.025)
(0.5771428571 0.025 -0.025)
(0.6 0.025 -0.025)
(0.007234708576 0.001710184564 0)
(0.01553438572 0.001710184564 0)
(0.02505579767 0.001710184564 0)
(0.03597878707 0.001710184564 0)
(0.0485096699 0.001710184564 0)
(0.0628851324 0.001710184564 0)
(0.07937670165 0.001710184564 0)
(0.09829587427 0.001710184564 0)
(0.12 0.001710184564 0)
(0.1428571429 0.001710184564 0)
(0.1657142857 0.001710184564 0)
(0.1885714286 0.001710184564 0)
(0.2114285714 0.001710184564 0)
(0.2342857143 0.001710184564 0)
(0.2571428571 0.001710184564 0)
(0.28 0.001710184564 0)
(0.3028571429 0.001710184564 0)
(0.3257142857 0.001710184564 0)
(0.3485714286 0.001710184564 0)
(0.3714285714 0.001710184564 0)
(0.3942857143 0.001710184564 0)
(0.4171428571 0.001710184564 0)
(0.44 0.001710184564 0)
(0.4628571429 0.001710184564 0)
(0.4857142857 0.001710184564 0)
(0.5085714286 0.001710184564 0)
(0.5314285714 0.001710184564 0)
(0.5542857143 0.001710184564 0)
(0.5771428571 0.001710184564 0)
(0.6 0.001710184564 0)
(0.007234708576 0.003864882096 0)
(0.01553438572 0.003864882096 0)
(0.02505579767 0.003864882096 0)
(0.03597878707 0.003864882096 0)
(0.0485096699 0.003864882096 0)
(0.0628851324 0.003864882096 0)
(0.07937670165 0.003864882096 0)
(0.09829587427 0.003864882096 0)
(0.12 0.003864882096 0)
(0.1428571429 0.003864882096 0)
(0.1657142857 0.003864882096 0)
(0.1885714286 0.003864882096 0)
(0.2114285714 0.003864882096 0)
(0.2342857143 0.003864882096 0)
(0.2571428571 0.003864882096 0)
(0.28 0.003864882096 0)
(0.3028571429 0.003864882096 0)
(0.3257142857 0.003864882096 0)
(0.3485714286 0.003864882096 0)
(0.3714285714 0.003864882096 0)
(0.3942857143 0.003864882096 0)
(0.4171428571 0.003864882096 0)
(0.44 0.003864882096 0)
(0.4628571429 0.003864882096 0)
(0.4857142857 0.003864882096 0)
(0.5085714286 0.003864882096 0)
(0.5314285714 0.003864882096 0)
(0.5542857143 0.003864882096 0)
(0.5771428571 0.003864882096 0)
(0.6 0.003864882096 0)
(0.007234708576 0.006579630872 0)
(0.01553438572 0.006579630872 0)
(0.02505579767 0.006579630872 0)
(0.03597878707 0.006579630872 0)
(0.0485096699 0.006579630872 0)
(0.0628851324 0.006579630872 0)
(0.07937670165 0.006579630872 0)
(0.09829587427 0.006579630872 0)
(0.12 0.006579630872 0)
(0.1428571429 0.006579630872 0)
(0.1657142857 0.006579630872 0)
(0.1885714286 0.006579630872 0)
(0.2114285714 0.006579630872 0)
(0.2342857143 0.006579630872 0)
(0.2571428571 0.006579630872 0)
(0.28 0.006579630872 0)
(0.3028571429 0.006579630872 0)
(0.3257142857 0.006579630872 0)
(0.3485714286 0.006579630872 0)
(0.3714285714 0.006579630872 0)
(0.3942857143 0.006579630872 0)
(0.4171428571 0.006579630872 0)
(0.44 0.006579630872 0)
(0.4628571429 0.006579630872 0)
(0.4857142857 0.006579630872 0)
(0.5085714286 0.006579630872 0)
(0.5314285714 0.006579630872 0)
(0.5542857143 0.006579630872 0)
(0.5771428571 0.006579630872 0)
(0.6 0.006579630872 0)
(0.007234708576 0.01 0)
(0.01553438572 0.01 0)
(0.02505579767 0.01 0)
(0.03597878707 0.01 0)
(0.0485096699 0.01 0)
(0.0628851324 0.01 0)
(0.07937670165 0.01 0)
(0.09829587427 0.01 0)
(0.12 0.01 0)
(0.1428571429 0.01 0)
(0.1657142857 0.01 0)
(0.1885714286 0.01 0)
(0.2114285714 0.01 0)
(0.2342857143 0.01 0)
(0.2571428571 0.01 0)
(0.28 0.01 0)
(0.3028571429 0.01 0)
(0.3257142857 0.01 0)
(0.3485714286 0.01 0)
(0.3714285714 0.01 0)
(0.3942857143 0.01 0)
(0.4171428571 0.01 0)
(0.44 0.01 0)
(0.4628571429 0.01 0)
(0.4857142857 0.01 0)
(0.5085714286 0.01 0)
(0.5314285714 0.01 0)
(0.5542857143 0.01 0)
(0.5771428571 0.01 0)
(0.6 0.01 0)
(0.007234708576 0.01333333333 0)
(0.01553438572 0.01333333333 0)
(0.02505579767 0.01333333333 0)
(0.03597878707 0.01333333333 0)
(0.0485096699 0.01333333333 0)
(0.0628851324 0.01333333333 0)
(0.07937670165 0.01333333333 0)
(0.09829587427 0.01333333333 0)
(0.12 0.01333333333 0)
(0.1428571429 0.01333333333 0)
(0.1657142857 0.01333333333 0)
(0.1885714286 0.01333333333 0)
(0.2114285714 0.01333333333 0)
(0.2342857143 0.01333333333 0)
(0.2571428571 0.01333333333 0)
(0.28 0.01333333333 0)
(0.3028571429 0.01333333333 0)
(0.3257142857 0.01333333333 0)
(0.3485714286 0.01333333333 0)
(0.3714285714 0.01333333333 0)
(0.3942857143 0.01333333333 0)
(0.4171428571 0.01333333333 0)
(0.44 0.01333333333 0)
(0.4628571429 0.01333333333 0)
(0.4857142857 0.01333333333 0)
(0.5085714286 0.01333333333 0)
(0.5314285714 0.01333333333 0)
(0.5542857143 0.01333333333 0)
(0.5771428571 0.01333333333 0)
(0.6 0.01333333333 0)
(0.007234708576 0.01666666667 0)
(0.01553438572 0.01666666667 0)
(0.02505579767 0.01666666667 0)
(0.03597878707 0.01666666667 0)
(0.0485096699 0.01666666667 0)
(0.0628851324 0.01666666667 0)
(0.07937670165 0.01666666667 0)
(0.09829587427 0.01666666667 0)
(0.12 0.01666666667 0)
(0.1428571429 0.01666666667 0)
(0.1657142857 0.01666666667 0)
(0.1885714286 0.01666666667 0)
(0.2114285714 0.01666666667 0)
(0.2342857143 0.01666666667 0)
(0.2571428571 0.01666666667 0)
(0.28 0.01666666667 0)
(0.3028571429 0.01666666667 0)
(0.3257142857 0.01666666667 0)
(0.3485714286 0.01666666667 0)
(0.3714285714 0.01666666667 0)
(0.3942857143 0.01666666667 0)
(0.4171428571 0.01666666667 0)
(0.44 0.01666666667 0)
(0.4628571429 0.01666666667 0)
(0.4857142857 0.01666666667 0)
(0.5085714286 0.01666666667 0)
(0.5314285714 0.01666666667 0)
(0.5542857143 0.01666666667 0)
(0.5771428571 0.01666666667 0)
(0.6 0.01666666667 0)
(0.007234708576 0.02 0)
(0.01553438572 0.02 0)
(0.02505579767 0.02 0)
(0.03597878707 0.02 0)
(0.0485096699 0.02 0)
(0.0628851324 0.02 0)
(0.07937670165 0.02 0)
(0.09829587427 0.02 0)
(0.12 0.02 0)
(0.1428571429 0.02 0)
(0.1657142857 0.02 0)
(0.1885714286 0.02 0)
(0.2114285714 0.02 0)
(0.2342857143 0.02 0)
(0.2571428571 0.02 0)
(0.28 0.02 0)
(0.3028571429 0.02 0)
(0.3257142857 0.02 0)
(0.3485714286 0.02 0)
(0.3714285714 0.02 0)
(0.3942857143 0.02 0)
(0.4171428571 0.02 0)
(0.44 0.02 0)
(0.4628571429 0.02 0)
(0.4857142857 0.02 0)
(0.5085714286 0.02 0)
(0.5314285714 0.02 0)
(0.5542857143 0.02 0)
(0.5771428571 0.02 0)
(0.6 0.02 0)
(0.007234708576 0.02353050556 0)
(0.01553438572 0.02353050556 0)
(0.02505579767 0.02353050556 0)
(0.03597878707 0.02353050556 0)
(0.0485096699 0.02353050556 0)
(0.0628851324 0.02353050556 0)
(0.07937670165 0.02353050556 0)
(0.09829587427 0.02353050556 0)
(0.12 0.02353050556 0)
(0.1428571429 0.02353050556 0)
(0.1657142857 0.02353050556 0)
(0.1885714286 0.02353050556 0)
(0.2114285714 0.02353050556 0)
(0.2342857143 0.02353050556 0)
(0.2571428571 0.02353050556 0)
(0.28 0.02353050556 0)
(0.3028571429 0.02353050556 0)
(0.3257142857 0.02353050556 0)
(0.3485714286 0.02353050556 0)
(0.3714285714 0.02353050556 0)
(0.3942857143 0.02353050556 0)
(0.4171428571 0.02353050556 0)
(0.44 0.02353050556 0)
(0.4628571429 0.02353050556 0)
(0.4857142857 0.02353050556 0)
(0.5085714286 0.02353050556 0)
(0.5314285714 0.02353050556 0)
(0.5542857143 0.02353050556 0)
(0.5771428571 0.02353050556 0)
(0.6 0.02353050556 0)
(0.007234708576 0.02464694944 0)
(0.01553438572 0.02464694944 0)
(0.02505579767 0.02464694944 0)
(0.03597878707 0.02464694944 0)
(0.0485096699 0.02464694944 0)
(0.0628851324 0.02464694944 0)
(0.07937670165 0.02464694944 0)
(0.09829587427 0.02464694944 0)
(0.12 0.02464694944 0)
(0.1428571429 0.02464694944 0)
(0.1657142857 0.02464694944 0)
(0.1885714286 0.02464694944 0)
(0.2114285714 0.02464694944 0)
(0.2342857143 0.02464694944 0)
(0.2571428571 0.02464694944 0)
(0.28 0.02464694944 0)
(0.3028571429 0.02464694944 0)
(0.3257142857 0.02464694944 0)
(0.3485714286 0.02464694944 0)
(0.3714285714 0.02464694944 0)
(0.3942857143 0.02464694944 0)
(0.4171428571 0.02464694944 0)
(0.44 0.02464694944 0)
(0.4628571429 0.02464694944 0)
(0.4857142857 0.02464694944 0)
(0.5085714286 0.02464694944 0)
(0.5314285714 0.02464694944 0)
(0.5542857143 0.02464694944 0)
(0.5771428571 0.02464694944 0)
(0.6 0.02464694944 0)
(0.007234708576 0.025 0)
(0.01553438572 0.025 0)
(0.02505579767 0.025 0)
(0.03597878707 0.025 0)
(0.0485096699 0.025 0)
(0.0628851324 0.025 0)
(0.07937670165 0.025 0)
(0.09829587427 0.025 0)
(0.12 0.025 0)
(0.1428571429 0.025 0)
(0.1657142857 0.025 0)
(0.1885714286 0.025 0)
(0.2114285714 0.025 0)
(0.2342857143 0.025 0)
(0.2571428571 0.025 0)
(0.28 0.025 0)
(0.3028571429 0.025 0)
(0.3257142857 0.025 0)
(0.3485714286 0.025 0)
(0.3714285714 0.025 0)
(0.3942857143 0.025 0)
(0.4171428571 0.025 0)
(0.44 0.025 0)
(0.4628571429 0.025 0)
(0.4857142857 0.025 0)
(0.5085714286 0.025 0)
(0.5314285714 0.025 0)
(0.5542857143 0.025 0)
(0.5771428571 0.025 0)
(0.6 0.025 0)
)


// ************************************************************************* //
