/*--------------------------------*- C++ -*----------------------------------*\
| =========                 |                                                 |
| \\      /  F ield         | OpenFOAM: The Open Source CFD Toolbox           |
|  \\    /   O peration     | Version:  4.x                                   |
|   \\  /    A nd           | Web:      www.OpenFOAM.org                      |
|    \\/     M anipulation  |                                                 |
\*---------------------------------------------------------------------------*/
FoamFile
{
    version     2.0;
    format      ascii;
    class       volVectorField;
    object      U;
}
// * * * * * * * * * * * * * * * * * * * * * * * * * * * * * * * * * * * * * //

dimensions      [0 1 -1 0 0 0 0];

internalField   uniform (0 0 0);

boundaryField
{
    topInlet
    {
        type            fixedValue;
        value           nonuniform List<vector>
400
(
(0.056631670450000 -0.001333192450000 0.000000000000000)
(0.056631670450000 -0.001333192450000 0.000000000000000)
(0.060671367250000 -0.001421475350000 0.000000000000000)
(0.060671367250000 -0.001421475350000 0.000000000000000)
(0.061041592350000 -0.001523533600000 0.000000000000000)
(0.061041592350000 -0.001523533600000 0.000000000000000)
(0.063127502100000 -0.001722019300000 0.000000000000000)
(0.063127502100000 -0.001722019300000 0.000000000000000)
(0.063127502100000 -0.001722019300000 0.000000000000000)
(0.063127502100000 -0.001722019300000 0.000000000000000)
(0.063852367050000 -0.001719103350000 0.000000000000000)
(0.063852367050000 -0.001719103350000 0.000000000000000)
(0.061892314481624 -0.001617255328454 0.000000000000000)
(0.061483207950000 -0.001582556450000 0.000000000000000)
(0.061483207950000 -0.001582556450000 0.000000000000000)
(0.061483207950000 -0.001582556450000 0.000000000000000)
(0.061041592350000 -0.001523533600000 0.000000000000000)
(0.056631670450000 -0.001333192450000 0.000000000000000)
(0.056631670450000 -0.001333192450000 0.000000000000000)
(0.056631670450000 -0.001333192450000 0.000000000000000)
(0.138883846446669 -0.003269529117513 0.000000000000000)
(0.184595027250000 -0.004345637250000 0.000000000000000)
(0.197762711250000 -0.004633401750000 0.000000000000000)
(0.197762711250000 -0.004633401750000 0.000000000000000)
(0.198969486750000 -0.004966068000000 0.000000000000000)
(0.199269390064117 -0.005006150706145 0.000000000000000)
(0.205623675822339 -0.005600749444541 0.000000000000000)
(0.205768660500000 -0.005613046500000 0.000000000000000)
(0.205768660500000 -0.005613046500000 0.000000000000000)
(0.206616147854639 -0.005609637270803 0.000000000000000)
(0.208131410250000 -0.005603541750000 0.000000000000000)
(0.208131410250000 -0.005603541750000 0.000000000000000)
(0.204533472881624 -0.005508282528454 0.000000000000000)
(0.200408964750000 -0.005158457250000 0.000000000000000)
(0.200408964750000 -0.005158457250000 0.000000000000000)
(0.199603337987026 -0.005050783545568 0.000000000000000)
(0.198851032804029 -0.004933414345692 0.000000000000000)
(0.184595027250000 -0.004345637250000 0.000000000000000)
(0.184595027250000 -0.004345637250000 0.000000000000000)
(0.149013808117817 -0.003508003248886 0.000000000000000)
(0.138883846446669 -0.003269529117513 0.000000000000000)
(0.345816465999999 -0.008141026000000 0.000000000000000)
(0.364418041995433 -0.008547541923038 0.000000000000000)
(0.370484529999999 -0.008680118000000 0.000000000000000)
(0.372745277999999 -0.009303328000000 0.000000000000000)
(0.374302391314117 -0.009511439456145 0.000000000000000)
(0.380656677072339 -0.010106038194541 0.000000000000000)
(0.385482707999999 -0.010515364000000 0.000000000000000)
(0.385482707999999 -0.010515364000000 0.000000000000000)
(0.388393771604639 -0.010503653520803 0.000000000000000)
(0.389909033999999 -0.010497558000000 0.000000000000000)
(0.388203611480428 -0.010504418487317 0.000000000000000)
(0.384247520381623 -0.010410600028454 0.000000000000000)
(0.375441965999999 -0.009663746000000 0.000000000000000)
(0.375441965999999 -0.009663746000000 0.000000000000000)
(0.373379129237025 -0.009388043545568 0.000000000000000)
(0.371572851554028 -0.008980130595692 0.000000000000000)
(0.349635516091770 -0.008224486921460 0.000000000000000)
(0.345816465999999 -0.008141026000000 0.000000000000000)
(0.149013808117817 -0.003508003248886 0.000000000000000)
(0.138883846446669 -0.003269529117513 0.000000000000000)
(0.447630349426147 -0.010537873905250 0.000000000000000)
(0.567542974345434 -0.013329400273038 0.000000000000000)
(0.589027695708601 -0.014034653759120 0.000000000000000)
(0.592170483487636 -0.014832435450249 0.000000000000000)
(0.594828686164118 -0.015187709806145 0.000000000000000)
(0.601182971922340 -0.015782308544541 0.000000000000000)
(0.610987977943609 -0.016613932304799 0.000000000000000)
(0.614415942224629 -0.016681761896974 0.000000000000000)
(0.617417701754639 -0.016669686570803 0.000000000000000)
(0.617629375310439 -0.016668835061145 0.000000000000000)
(0.614627615780429 -0.016680910387317 0.000000000000000)
(0.610671524681624 -0.016587091928454 0.000000000000000)
(0.600866900099648 -0.015755500520443 0.000000000000000)
(0.594979673915978 -0.015207889635457 0.000000000000000)
(0.592321449287026 -0.014852612345568 0.000000000000000)
(0.589187258304029 -0.014078639645692 0.000000000000000)
(0.567249922841771 -0.013322995971460 0.000000000000000)
(0.457777201873758 -0.010776745670235 0.000000000000000)
(0.149013808117817 -0.003508003248886 0.000000000000000)
(0.139129447825588 -0.003360713602184 0.000000000000000)
(0.449161985715091 -0.011106524888912 0.000000000000000)
(0.581824712091944 -0.014155954807450 0.000000000000000)
(0.603680502086863 -0.014615963839691 0.000000000000000)
(0.612117896837635 -0.015034914200249 0.000000000000000)
(0.615253210809598 -0.016125909738260 0.000000000000000)
(0.620308510569486 -0.016975323963954 0.000000000000000)
(0.625012251304327 -0.017589898119877 0.000000000000000)
(0.629051845731086 -0.018048007127071 0.000000000000000)
(0.632843081758377 -0.018465646856381 0.000000000000000)
(0.632610572278311 -0.018323230495557 0.000000000000000)
(0.628819336251020 -0.017905590766246 0.000000000000000)
(0.624416677481624 -0.017568703828454 0.000000000000000)
(0.619148467461196 -0.016930128648850 0.000000000000000)
(0.615300056600492 -0.016142304410887 0.000000000000000)
(0.612159453777260 -0.015043184209116 0.000000000000000)
(0.604893906947715 -0.014547081688646 0.000000000000000)
(0.582471778042323 -0.014161786833066 0.000000000000000)
(0.459351103277768 -0.011361088433617 0.000000000000000)
(0.149301604255933 -0.003614853392236 0.000000000000000)
(0.139462345225588 -0.003484308502184 0.000000000000000)
(0.449372502379612 -0.011577704783385 0.000000000000000)
(0.581950469341944 -0.014867867857450 0.000000000000000)
(0.608454329560871 -0.015789076313589 0.000000000000000)
(0.619010281548361 -0.016168407338471 0.000000000000000)
(0.626346291209598 -0.016576764538260 0.000000000000000)
(0.629291544988847 -0.017433485631435 0.000000000000000)
(0.633478158454327 -0.018081670319877 0.000000000000000)
(0.641382266835079 -0.018364645783306 0.000000000000000)
(0.646499529858377 -0.018722192106381 0.000000000000000)
(0.646536062778311 -0.018726216545557 0.000000000000000)
(0.641460324102998 -0.018366788405958 0.000000000000000)
(0.633739050870526 -0.018073920864024 0.000000000000000)
(0.630241547861196 -0.017380983448850 0.000000000000000)
(0.626393137000492 -0.016593159210887 0.000000000000000)
(0.619160458781570 -0.016167775735111 0.000000000000000)
(0.608078315397715 -0.015736459188646 0.000000000000000)
(0.582597535292323 -0.014873699883066 0.000000000000000)
(0.459476860527768 -0.012073001483617 0.000000000000000)
(0.149525232077399 -0.004048795061294 0.000000000000000)
(0.139312368195198 -0.003788488841643 0.000147860975000)
(0.449118506929612 -0.012177317583385 0.000147860975000)
(0.584490298537707 -0.015896155661436 0.000207919050000)
(0.611253849410871 -0.016856675738589 0.000207919050000)
(0.622027445973361 -0.017485169863471 0.000422746450000)
(0.632101017318390 -0.017442803245221 0.000422746450000)
(0.638018454163847 -0.017810171456435 0.000422746450000)
(0.641641894635883 -0.018510406944227 0.000436497508189)
(0.650998321760079 -0.018741120783306 0.000474001950000)
(0.659098783668362 -0.018963473341084 0.000474001950000)
(0.658496257036281 -0.018924834413736 0.000381296350000)
(0.650395795127998 -0.018702481855958 0.000381296350000)
(0.641795807000580 -0.018512710410906 0.000439256869314)
(0.638048648153373 -0.017817451977643 0.000422746450000)
(0.632251277743064 -0.017442171291981 0.000422746450000)
(0.622177623206570 -0.017484538260111 0.000422746450000)
(0.611745979748636 -0.016897833624288 0.000224409950000)
(0.585867770729129 -0.016006806001857 0.000147860975000)
(0.459300183958392 -0.012453013685622 0.000147860975000)
(0.149477096477399 -0.004063726011294 0.000147860975000)
(0.139253977165832 -0.003806600873900 0.000327224160113)
(0.448953752929612 -0.012228421833385 0.000653945600000)
(0.582438278180451 -0.015679709669657 0.000903503780544)
(0.609041874410872 -0.016617553613589 0.000919564800000)
(0.620476028251882 -0.017368170852180 0.001233327136018)
(0.627122929443390 -0.017681162620221 0.001869683200000)
(0.633040366288847 -0.018048530831435 0.001869683200000)
(0.644536912260883 -0.018434131944227 0.002058866758189)
(0.653893339385079 -0.018664845783306 0.002096371200000)
(0.660267621688600 -0.018783763217420 0.001861239989921)
(0.659061836161281 -0.018708976163736 0.001686361600000)
(0.651666045223055 -0.018528848487268 0.001782348215437)
(0.644690824625580 -0.018436435410906 0.002061626119314)
(0.633070560278373 -0.018055811352643 0.001869683200000)
(0.627273189868064 -0.017680530666981 0.001869683200000)
(0.620539720939291 -0.017376508016533 0.001249387907173)
(0.609963451671448 -0.016706223208587 0.000963310478978)
(0.585703016729129 -0.016057910251857 0.000653945600000)
(0.459135429958392 -0.012504117935622 0.000653945600000)
(0.149410935569101 -0.004084248144886 0.000351091357664)
(0.139253977165832 -0.003806600873900 0.000327224160113)
(0.448823301287658 -0.012268886000102 0.001054661639058)
(0.582282509780451 -0.015728026719657 0.001381986805544)
(0.607255956934190 -0.016425262848887 0.001611781023350)
(0.619225554151882 -0.017235118677180 0.001959525186018)
(0.623497924983687 -0.017794358038079 0.003036847764374)
(0.631889896897921 -0.018131776479960 0.003316943918702)
(0.647274037085883 -0.018362016944227 0.003592752808189)
(0.655245206031367 -0.018509724153737 0.003441564583876)
(0.660802354413600 -0.018579677767420 0.003095127639921)
(0.659960318430287 -0.018526687100951 0.002969797321482)
(0.654403170048055 -0.018456733487268 0.003316234265437)
(0.647427949450580 -0.018364320410906 0.003595512169314)
(0.632044407744204 -0.018134088903569 0.003319714009484)
(0.623561652953993 -0.017802699820848 0.003052917432477)
(0.619289246839291 -0.017243455841533 0.001975585957173)
(0.607872116671448 -0.016480142683587 0.001636143428978)
(0.583752012000659 -0.015851723791059 0.001312688010441)
(0.458997195481950 -0.012546996222296 0.001078568632959)
(0.149410935569101 -0.004084248144886 0.000351091357664)
(0.140356247565832 -0.003654635245329 0.000143593931542)
(0.449925571687658 -0.012116920371531 0.000871031410486)
(0.583321438180451 -0.015595708841085 0.001392927951973)
(0.606225178919904 -0.016222615795316 0.002133014973350)
(0.618194776137597 -0.017032471623609 0.002480759136018)
(0.622467146969401 -0.017591710984508 0.003558081714374)
(0.633116748672921 -0.018137172508531 0.004162705640130)
(0.648500888860884 -0.018367412972799 0.004438514529617)
(0.655576472306367 -0.018461455432308 0.004165334305304)
(0.661133620688599 -0.018531409045991 0.003818897361350)
(0.662896569576716 -0.018596268129522 0.003889280100054)
(0.657339421194484 -0.018526314515839 0.004235717044008)
(0.648966978222262 -0.018337388407883 0.004413402293410)
(0.633776548290633 -0.018087158874998 0.004120362845198)
(0.623672267625422 -0.017730990167276 0.003525126268192)
(0.619399861510719 -0.017171746187961 0.002447794792888)
(0.606499409157163 -0.016239666380016 0.002135676878978)
(0.583817415257802 -0.015573103258916 0.001546556689012)
(0.458997195481950 -0.012546996222296 0.001078568632959)
(0.149410935569101 -0.004084248144886 0.000351091357664)
(0.141477227375010 -0.003500090225053 -0.000043153148470)
(0.451783254087658 -0.011860809100102 0.000561555039058)
(0.585179120580451 -0.015339597569657 0.001083451580544)
(0.605941429532093 -0.015956453159597 0.002403595999623)
(0.617314561051882 -0.016782129552180 0.002861526336018)
(0.622229566078177 -0.017415090123694 0.003911246481641)
(0.633347490643044 -0.018191658658664 0.004533404987725)
(0.648692714760883 -0.018425929144227 0.004812688358189)
(0.655768298206367 -0.018519971603737 0.004539508133876)
(0.662976855400288 -0.018651932771857 0.004264291295303)
(0.665969286705287 -0.018762956800951 0.004387697771482)
(0.660412138323055 -0.018693003187268 0.004734134715437)
(0.649158804122262 -0.018395904579311 0.004787576121982)
(0.634819949319204 -0.018057488703569 0.004418506859484)
(0.624715668653993 -0.017701319995848 0.003823270282477)
(0.618725620576466 -0.016945032899332 0.002819714988310)
(0.606004092229450 -0.015979115329135 0.002445341154780)
(0.585360882300659 -0.015258475816059 0.001479592760441)
(0.460269237803245 -0.012371624815312 0.000866655637553)
(0.149410935569101 -0.004084248144886 0.000351091357664)
(0.141477227375010 -0.003500090225053 -0.000043153148470)
(0.453640936487658 -0.011604697828673 0.000252078667629)
(0.587036802980451 -0.015083486298228 0.000773975209116)
(0.607484896574950 -0.015641825716740 0.002336632071052)
(0.616434345966168 -0.016531787480752 0.003242293536018)
(0.623272967106748 -0.017385419952265 0.004209390495927)
(0.634390891671616 -0.018161988487236 0.004831549002011)
(0.648884540660883 -0.018484445315656 0.005186862186760)
(0.655960124106367 -0.018578487775165 0.004913681962447)
(0.666049572528860 -0.018818621443285 0.004762708966731)
(0.669042003833859 -0.018929645472379 0.004886115442911)
(0.661290920462194 -0.018777313381407 0.005137934821522)
(0.649350630022262 -0.018454420750740 0.005161749950553)
(0.635863350347776 -0.018027818532140 0.004716650873769)
(0.625759069682565 -0.017671649824419 0.004121414296763)
(0.617845405490751 -0.016694690827903 0.003200482188310)
(0.607547559272307 -0.015664487886278 0.002378377226209)
(0.586985608755071 -0.014958981273452 0.001349912551607)
(0.462126920203245 -0.012115513543883 0.000557179266124)
(0.149410935569101 -0.004084248144886 0.000351091357664)
(0.141477227375010 -0.003500090225053 -0.000043153148470)
(0.455498618887658 -0.011348586557245 -0.000057397703799)
(0.588584318826036 -0.014769612861912 0.000703886401324)
(0.609028363617807 -0.015327198273883 0.002269668142480)
(0.615554130880454 -0.016281445409323 0.003623060736018)
(0.624316368135320 -0.017355749780837 0.004507534510213)
(0.635434292700187 -0.018132318315807 0.005129693016297)
(0.649076366560884 -0.018542961487084 0.005561036015332)
(0.657743168498309 -0.018696751458271 0.005356480075859)
(0.669122289657431 -0.018985310114714 0.005261126638160)
(0.672114720962430 -0.019096334143808 0.005384533114339)
(0.661482746362194 -0.018835829552836 0.005512108650094)
(0.649542455922262 -0.018512936922169 0.005535923779125)
(0.636636900725843 -0.018026093213946 0.005038887530212)
(0.626802470711136 -0.017641979652991 0.004419558311049)
(0.616965190405037 -0.016444348756475 0.003581249388310)
(0.609091026315165 -0.015349860443421 0.002311413297637)
(0.588843291155071 -0.014702870002023 0.001040436180178)
(0.463984602603245 -0.011859402272455 0.000247702894695)
(0.149455663629313 -0.004078081665423 0.000343639988272)
(0.141477227375010 -0.003500090225053 -0.000043153148470)
(0.455988960170661 -0.011280985158091 -0.000139084993847)
(0.590127785868893 -0.014454985419055 0.000636922472753)
(0.610571830660664 -0.015012570831026 0.002202704213909)
(0.615436901932351 -0.016118630989285 0.003971056144974)
(0.625359769163891 -0.017326079609408 0.004805678524498)
(0.636477693728759 -0.018102648144379 0.005427837030582)
(0.649383751003133 -0.018589510792778 0.005924892616202)
(0.660815885626880 -0.018863440129699 0.005854897747288)
(0.672195006786003 -0.019151998786142 0.005759544309588)
(0.673053693421317 -0.019182904380707 0.005790929040966)
(0.661674572262194 -0.018894345724265 0.005886282478665)
(0.649734281822262 -0.018571453093597 0.005910097607696)
(0.636828726625843 -0.018084609385374 0.005413061358784)
(0.626007924497754 -0.017401465276749 0.004796645860470)
(0.616084975319323 -0.016194006685046 0.003962016588310)
(0.610634493358022 -0.015035233000564 0.002244449369066)
(0.590700973555071 -0.014446758730595 0.000730959808750)
(0.465842285003245 -0.011603291001026 -0.000061773476733)
(0.151313346029313 -0.003821970393994 0.000034163616844)
(0.141477227375010 -0.003500090225053 -0.000043153148470)
(0.455988960170661 -0.011280985158091 -0.000139084993847)
(0.590843708710322 -0.014656967717626 0.000307264288467)
(0.611287753502093 -0.015214553129597 0.001873046029623)
(0.617879451956637 -0.016400394893571 0.003478393282117)
(0.627802319188177 -0.017607843513694 0.004313015661641)
(0.638583329563044 -0.018173914798664 0.004712817917725)
(0.651077888090184 -0.018678343225719 0.005176372524643)
(0.662931026751166 -0.018926346765414 0.005067786333002)
(0.674310147910288 -0.019214905421857 0.004972432895303)
(0.673621095181317 -0.019333311266422 0.004988472425252)
(0.662241974022194 -0.019044752609979 0.005083825862951)
(0.650301683582262 -0.018721859979311 0.005107640991982)
(0.637396128385843 -0.018235016271089 0.004610604743070)
(0.627950331664897 -0.017625854181035 0.004325465140470)
(0.618027382486465 -0.016418395589332 0.003490835868310)
(0.613207061239450 -0.015242907619135 0.001656857934780)
(0.590699770585071 -0.014474804264880 0.000616460193036)
(0.465841082033245 -0.011631336535312 -0.000176273092447)
(0.151312143059313 -0.003850015928280 -0.000080335998871)
(0.141477227375010 -0.003500090225053 -0.000043153148470)
(0.455688377631360 -0.011339732370034 -0.000160213377090)
(0.591268869646989 -0.015040461920960 -0.000114691514866)
(0.611712914438759 -0.015598047332931 0.001451090226290)
(0.620813591266637 -0.016791581416904 0.002707879228784)
(0.630681398033157 -0.017964629359305 0.003506162864234)
(0.641062179683044 -0.018280645738664 0.003641822614392)
(0.651777248183517 -0.018861035825719 0.003960505194643)
(0.664709715494499 -0.018952789115414 0.003829002299668)
(0.676088836653622 -0.019241347771857 0.003733648861969)
(0.674809878943121 -0.019445151887690 0.003762213471704)
(0.662941334115527 -0.019227445209979 0.003867958532951)
(0.651001043675596 -0.018904552579311 0.003891773661982)
(0.638095488479176 -0.018417708871089 0.003394737413070)
(0.630803762236235 -0.017966615498059 0.003501685024134)
(0.620961521796465 -0.016809582112665 0.002720321814977)
(0.616141200549450 -0.015634094142469 0.000886343881447)
(0.590045442615071 -0.014602689084880 0.000570466529702)
(0.465186754063245 -0.011759221355312 -0.000222266755781)
(0.150716085280750 -0.003966512158330 -0.000122233765818)
(0.141477227375010 -0.003500090225053 -0.000043153148470)
(0.455034054198027 -0.011467616303367 -0.000206206721534)
(0.591694027635878 -0.015423953465404 -0.000536644392644)
(0.612138072427648 -0.015981538877375 0.001029137348512)
(0.623747710233304 -0.017182765228015 0.001937370517673)
(0.633160230966490 -0.018071359559305 0.002435174986457)
(0.643541012616377 -0.018387375938664 0.002570834736614)
(0.652476603427962 -0.019043727159052 0.002744646294643)
(0.666046015874458 -0.019043272355632 0.002599619546012)
(0.677867513064733 -0.019267789938523 0.002494873417525)
(0.676588555354232 -0.019471594054357 0.002523438027260)
(0.663640689359972 -0.019410136543312 0.002652099632951)
(0.651700398920040 -0.019087243912645 0.002675914761982)
(0.640062878587638 -0.018546271194557 0.002282111898973)
(0.633282595169569 -0.018073345698059 0.002430697146356)
(0.623895640763132 -0.017200765923776 0.001949813103866)
(0.616828318571467 -0.016018388834690 0.000427998370043)
(0.589391119181737 -0.014730573018214 0.000524473185258)
(0.464532430629911 -0.011887105288645 -0.000268260100225)
(0.150716085280750 -0.003966512158330 -0.000122233765818)
(0.141477227375010 -0.003500090225053 -0.000043153148470)
(0.454379726228027 -0.011595501123367 -0.000252200384867)
(0.591200689850504 -0.015589958734406 -0.000638707380968)
(0.612563233364315 -0.016365033080708 0.000607181545179)
(0.626681849543304 -0.017573951751348 0.001166856464339)
(0.635639081086490 -0.018178090499305 0.001364179683123)
(0.646019862736378 -0.018494106878664 0.001499839433281)
(0.653175963521295 -0.019226419759052 0.001528778964643)
(0.666745375967792 -0.019225964955632 0.001383752216012)
(0.679646201808066 -0.019294232288523 0.001256089384192)
(0.678367244097565 -0.019498036404357 0.001284653993927)
(0.664340049453305 -0.019592829143312 0.001436232302951)
(0.652399759013373 -0.019269936512645 0.001460047431982)
(0.642541728707638 -0.018653002134557 0.001211116595640)
(0.635761445289569 -0.018180076638059 0.001359701843023)
(0.626829780073132 -0.017591952447110 0.001179299050532)
(0.617253479508134 -0.016401883038023 0.000006042566709)
(0.589278479355806 -0.014986722771377 0.000289821507378)
(0.463878102659911 -0.012014990108645 -0.000314253763559)
(0.150716085280750 -0.003966512158330 -0.000122233765818)
(0.141451892460515 -0.003505041795410 -0.000044933976405)
(0.453725398258027 -0.011723385943367 -0.000298194048201)
(0.590546361880504 -0.015717843554406 -0.000684701044301)
(0.613570932435786 -0.016750313297741 0.000104296996112)
(0.629615988853304 -0.017965138274682 0.000396342411006)
(0.638117931206490 -0.018284821439305 0.000293184379790)
(0.647627053098659 -0.018638046637573 0.000357880475320)
(0.653875323614629 -0.019409112359052 0.000312911634643)
(0.667444736061125 -0.019408657555632 0.000167884886012)
(0.681424890551399 -0.019320674638523 0.000017305350858)
(0.680145932840899 -0.019524478754357 0.000045869960593)
(0.665962421276086 -0.019641900891610 0.000200767248034)
(0.653099119106707 -0.019452629112645 0.000244180101982)
(0.645020578827638 -0.018759733074557 0.000140121292306)
(0.638240295409569 -0.018286807578059 0.000288706539689)
(0.629763919383132 -0.017983138970443 0.000408784997199)
(0.617678640444800 -0.016785377241356 -0.000415913236624)
(0.589703640292472 -0.015370216974711 -0.000132134295955)
(0.463223774689911 -0.012142874928645 -0.000360247426892)
(0.150716085280750 -0.003966512158330 -0.000122233765818)
(0.140797566305182 -0.003632926260743 -0.000090927512183)
(0.453071072102693 -0.011851270408700 -0.000344187583979)
(0.589892035725171 -0.015845728019740 -0.000730694580079)
(0.616505063608453 -0.017141498736185 -0.000666214920332)
(0.632393386683828 -0.018258399854519 -0.000477610201150)
(0.640596774451824 -0.018391552083305 -0.000777807953321)
(0.648326411252437 -0.018820738730906 -0.000857983482680)
(0.654574681768406 -0.019591804452386 -0.000902952323357)
(0.668144094214903 -0.019591349648966 -0.001047979071988)
(0.682327605779715 -0.019473927511712 -0.001202876359430)
(0.681924616651343 -0.019550921031023 -0.001192910637185)
(0.667741105086531 -0.019668343168277 -0.001038013349743)
(0.653798477260484 -0.019635321205978 -0.000971683856018)
(0.647499422072971 -0.018866463718557 -0.000930871040805)
(0.640719138654902 -0.018393538222059 -0.000782285793422)
(0.632515683140144 -0.018260384893651 -0.000482085562101)
(0.618103800202356 -0.017168870381134 -0.000837867869735)
(0.590128800050028 -0.015753710114488 -0.000554088929066)
(0.463006674808541 -0.012185305912072 -0.000375507692861)
(0.150716085280750 -0.003966512158330 -0.000122233765818)
)
;
    }

    bottomInlet
    {
        type            fixedValue;
        value           nonuniform List<vector>
400
(
(0.056631670450000 0.001333192450000 0.000000000000000)
(0.056631670450000 0.001333192450000 0.000000000000000)
(0.056631670450000 0.001333192450000 0.000000000000000)
(0.060981212043081 0.001506888838587 0.000000000000000)
(0.061141559509264 0.001536894420239 0.000000000000000)
(0.061483207950000 0.001582556450000 0.000000000000000)
(0.061483207950000 0.001582556450000 0.000000000000000)
(0.061483207950000 0.001582556450000 0.000000000000000)
(0.063127502100000 0.001722019300000 0.000000000000000)
(0.063127502100000 0.001722019300000 0.000000000000000)
(0.063852367050000 0.001719103350000 0.000000000000000)
(0.063852367050000 0.001719103350000 0.000000000000000)
(0.061483207950000 0.001582556450000 0.000000000000000)
(0.061483207950000 0.001582556450000 0.000000000000000)
(0.061483207950000 0.001582556450000 0.000000000000000)
(0.061101887004933 0.001531592106932 0.000000000000000)
(0.060914988147653 0.001488633202015 0.000000000000000)
(0.056631670450000 0.001333192450000 0.000000000000000)
(0.000000000000000 0.000000000000000 0.000000000000000)
(0.000000000000000 0.000000000000000 0.000000000000000)
(0.130152441066713 0.003063979049186 0.000000000000000)
(0.184595027250000 0.004345637250000 0.000000000000000)
(0.184595027250000 0.004345637250000 0.000000000000000)
(0.198072556043081 0.004718815238587 0.000000000000000)
(0.199069453909264 0.004979428820239 0.000000000000000)
(0.200408964750000 0.005158457250000 0.000000000000000)
(0.200408964750000 0.005158457250000 0.000000000000000)
(0.204100266826899 0.005471539619025 0.000000000000000)
(0.205768660500000 0.005613046500000 0.000000000000000)
(0.206645073260439 0.005609520911145 0.000000000000000)
(0.208131410250000 0.005603541750000 0.000000000000000)
(0.208131410250000 0.005603541750000 0.000000000000000)
(0.204001790099591 0.005463187193122 0.000000000000000)
(0.200408964750000 0.005158457250000 0.000000000000000)
(0.200408964750000 0.005158457250000 0.000000000000000)
(0.199029781404933 0.004974126506932 0.000000000000000)
(0.198006332147653 0.004700559602015 0.000000000000000)
(0.184595027250000 0.004345637250000 0.000000000000000)
(0.013024713216713 0.000306620821635 0.000000000000000)
(0.000000000000000 0.000000000000000 0.000000000000000)
(0.130152441066713 0.003063979049186 0.000000000000000)
(0.345816465999999 0.008141026000000 0.000000000000000)
(0.345816465999999 0.008141026000000 0.000000000000000)
(0.370794374793080 0.008765531488587 0.000000000000000)
(0.372845245159264 0.009316688820239 0.000000000000000)
(0.375441965999999 0.009663746000000 0.000000000000000)
(0.375441965999999 0.009663746000000 0.000000000000000)
(0.383814314326898 0.010373857119025 0.000000000000000)
(0.385482707999999 0.010515364000000 0.000000000000000)
(0.388422697010438 0.010503537161145 0.000000000000000)
(0.389909033999999 0.010497558000000 0.000000000000000)
(0.388174686074628 0.010504534846974 0.000000000000000)
(0.383715837599590 0.010365504693122 0.000000000000000)
(0.375441965999999 0.009663746000000 0.000000000000000)
(0.375441965999999 0.009663746000000 0.000000000000000)
(0.372805572654933 0.009311386506932 0.000000000000000)
(0.370728150897652 0.008747275852015 0.000000000000000)
(0.345816465999999 0.008141026000000 0.000000000000000)
(0.174246151966713 0.004102009571635 0.000000000000000)
(0.000000000000000 0.000000000000000 0.000000000000000)
(0.130152441066713 0.003063979049186 0.000000000000000)
(0.401812429190787 0.009459252970231 0.000000000000000)
(0.560791837165158 0.013181861980419 0.000000000000000)
(0.588408781543081 0.013864040538587 0.000000000000000)
(0.591787565209265 0.014781257620239 0.000000000000000)
(0.594444253165296 0.015136329530573 0.000000000000000)
(0.599793420945171 0.015664452053052 0.000000000000000)
(0.610238318626899 0.016550349019025 0.000000000000000)
(0.614444867630429 0.016681645537317 0.000000000000000)
(0.617446627160439 0.016669570211145 0.000000000000000)
(0.617600449904639 0.016668951420803 0.000000000000000)
(0.614598690374629 0.016681026746974 0.000000000000000)
(0.610139841899591 0.016541996593122 0.000000000000000)
(0.599695216674501 0.015656122735898 0.000000000000000)
(0.594404602613435 0.015131030151261 0.000000000000000)
(0.591747892704934 0.014775955306932 0.000000000000000)
(0.588342557647653 0.013845784902015 0.000000000000000)
(0.560068836802282 0.013166061643934 0.000000000000000)
(0.377371084316713 0.008883867921635 0.000000000000000)
(0.105739247486746 0.002489256723276 0.000000000000000)
(0.130361673152300 0.003141660697330 0.000000000000000)
(0.403153218152365 0.009957048019479 0.000000000000000)
(0.576711164332826 0.014109866241828 0.000000000000000)
(0.602598436498609 0.014447710673533 0.000000000000000)
(0.611623641359265 0.014968855920239 0.000000000000000)
(0.614667475025972 0.015920919146033 0.000000000000000)
(0.618633488927173 0.016862843371938 0.000000000000000)
(0.623983471426899 0.017531960919025 0.000000000000000)
(0.629088378651020 0.018052031566246 0.000000000000000)
(0.632879614678311 0.018469671295557 0.000000000000000)
(0.632843081758377 0.018465646856381 0.000000000000000)
(0.629051845731086 0.018048007127071 0.000000000000000)
(0.623884994699590 0.017523608493122 0.000000000000000)
(0.618586377540675 0.016856687964524 0.000000000000000)
(0.614620629235078 0.015904524473406 0.000000000000000)
(0.611583968854933 0.014963553606932 0.000000000000000)
(0.602403164137756 0.014439257324578 0.000000000000000)
(0.576681951965174 0.014182808089568 0.000000000000000)
(0.393280036857358 0.009825655620122 0.000000000000000)
(0.120516760411179 0.003010974555727 0.000000000000000)
(0.130599131729816 0.003536320340123 0.000000000000000)
(0.403278975402365 0.010668961069479 0.000000000000000)
(0.576836921582826 0.014821779291828 0.000000000000000)
(0.605956028159951 0.015655601441995 0.000000000000000)
(0.617137242344808 0.016176284816496 0.000000000000000)
(0.625760555425972 0.016371773946033 0.000000000000000)
(0.628992599096972 0.017361402347974 0.000000000000000)
(0.633317396272168 0.018060665700793 0.000000000000000)
(0.637554285801020 0.018543803766246 0.000000000000000)
(0.644402326961281 0.018822914013736 0.000000000000000)
(0.644324269693362 0.018820771391084 0.000000000000000)
(0.637517752881086 0.018539779327071 0.000000000000000)
(0.633270154180459 0.018054493215898 0.000000000000000)
(0.628962488645487 0.017354141969863 0.000000000000000)
(0.625713709635078 0.016355379273406 0.000000000000000)
(0.616986898728668 0.016176917119616 0.000000000000000)
(0.605587572587756 0.015628634824578 0.000000000000000)
(0.576192005115174 0.014815966639568 0.000000000000000)
(0.393072896707358 0.010413973770122 0.000000000000000)
(0.120428753865424 0.003260930192944 0.000000000000000)
(0.130599131729816 0.003536320340123 0.000000000000000)
(0.403191472556912 0.010917486100268 0.000000000000000)
(0.578331410742220 0.015691824930877 0.000207919050000)
(0.608951788655650 0.016744911881828 0.000220373430602)
(0.621222415394808 0.017382290891496 0.000224409950000)
(0.631290246528729 0.017339948414966 0.000224409950000)
(0.637719508271972 0.017738088172974 0.000422746450000)
(0.641116102912514 0.018502537896687 0.000427071044990)
(0.650395795127998 0.018702481855958 0.000381296350000)
(0.658496257036281 0.018924834413736 0.000381296350000)
(0.658418199768362 0.018922691791084 0.000381296350000)
(0.650317737860079 0.018700339233306 0.000381296350000)
(0.640961592066231 0.018500225473078 0.000424300954208)
(0.637689397820487 0.017730827794863 0.000422746450000)
(0.630071977479055 0.017451336818206 0.000422746450000)
(0.620940486107553 0.017396569116065 0.000248846308329)
(0.608523260772186 0.016710790631296 0.000207919050000)
(0.577554656842808 0.015666054905995 0.000207919050000)
(0.392992846781554 0.010641331065445 0.000000000000000)
(0.120428753865424 0.003260930192944 0.000000000000000)
(0.130599131729816 0.003536320340123 0.000000000000000)
(0.403102384956826 0.010945119753998 0.000273655660449)
(0.577045345246448 0.015583965311972 0.000826594378469)
(0.606739813655650 0.016505789756828 0.000932019180602)
(0.619899806894808 0.017241563516496 0.000992499200000)
(0.628813089172603 0.017318952032453 0.001206906812301)
(0.632741420396972 0.017976447547974 0.001869683200000)
(0.644011120537514 0.018426262896687 0.002049440294990)
(0.651666045223055 0.018528848487268 0.001782348215437)
(0.659061836161281 0.018708976163736 0.001686361600000)
(0.658983778893362 0.018706833541084 0.001686361600000)
(0.651612495706367 0.018528174403737 0.001785686533876)
(0.643856609691231 0.018423950473078 0.002046670204208)
(0.632711309945487 0.017969187169863 0.001869683200000)
(0.625093889604055 0.017689696193206 0.001869683200000)
(0.619617877607553 0.017255841741065 0.001016935558329)
(0.606311285772186 0.016471668506296 0.000919564800000)
(0.576365192948686 0.015571890111765 0.000816894627484)
(0.392911554971512 0.010666546580596 0.000249708870198)
(0.120428753865424 0.003260930192944 0.000000000000000)
(0.130562644259324 0.003547638212915 0.000112080725330)
(0.402946616556826 0.010993436803998 0.000752138685449)
(0.576889576846448 0.015632282361972 0.001305077403469)
(0.604648478655650 0.016279709231828 0.001604852130602)
(0.618649332794808 0.017108511341496 0.001718697250000)
(0.624106503697603 0.017544311407453 0.002574928362301)
(0.630360109563714 0.018108881541292 0.003289517690089)
(0.646748245362514 0.018354147896687 0.003583326344990)
(0.654403170048055 0.018456733487268 0.003316234265437)
(0.659960318430287 0.018526687100951 0.002969797321482)
(0.659906768913600 0.018526013017420 0.002973135639921)
(0.654349620531367 0.018456059403737 0.003319572583876)
(0.646593734516231 0.018351835473078 0.003580556254208)
(0.630206026204279 0.018106575515490 0.003286755263347)
(0.622637375102296 0.017681714874684 0.002819851194197)
(0.618367403507553 0.017122789566065 0.001743133608329)
(0.604219950772186 0.016245587981296 0.001592397750000)
(0.576209424548686 0.015620207161765 0.001295377652484)
(0.392755786571512 0.010714863630596 0.000728191895198)
(0.120400040592383 0.003269836624859 0.000088200262328)
(0.130499302259324 0.003567285962915 0.000306652100330)
(0.402883274556826 0.011013084553998 0.000946710060449)
(0.577928505246448 0.015499964483400 0.001316018549898)
(0.603724011108608 0.016027343880413 0.002021581410847)
(0.617400388746472 0.016928488913678 0.002280446123381)
(0.621670325058317 0.017487409603881 0.003357154812301)
(0.631586961338714 0.018114277569863 0.004135279411518)
(0.647975097137514 0.018359543925259 0.004429088066419)
(0.657339421194484 0.018526314515839 0.004235717044008)
(0.662896569576716 0.018596268129522 0.003889280100054)
(0.662843020060028 0.018595594045991 0.003892618418492)
(0.657285871677796 0.018525640432308 0.004239055362447)
(0.648267138933858 0.018310987966434 0.004386449133360)
(0.631938166750707 0.018059645486919 0.004087404099062)
(0.622747989773725 0.017610005221113 0.003292060029911)
(0.617464792819875 0.016934845512365 0.002258862513559)
(0.604439651675534 0.015984038114985 0.001836058903545)
(0.577061910805829 0.015453168254622 0.001450215456055)
(0.393794714971512 0.010582545752025 0.000739133041627)
(0.121438968992383 0.003137518746288 0.000099141408757)
(0.130499302259324 0.003567285962915 0.000306652100330)
(0.403259433766028 0.010961224982454 0.000884044673113)
(0.579786187646448 0.015243853211972 0.001006542178469)
(0.605267478151465 0.015712716437556 0.001954617482276)
(0.616520173660758 0.016678146842250 0.002661213323381)
(0.620790109972603 0.017237067532453 0.003737922012301)
(0.632064122010696 0.018143245402940 0.004483978153987)
(0.648166923037514 0.018418060096687 0.004803261894990)
(0.660412138323055 0.018693003187268 0.004734134715437)
(0.665969286705287 0.018762956800951 0.004387697771482)
(0.665915737188600 0.018762282717420 0.004391036089921)
(0.660358588806367 0.018692329103737 0.004737473033876)
(0.648458964833858 0.018369504137863 0.004760622961931)
(0.632981567779279 0.018029975315490 0.004385548113347)
(0.623791390802296 0.017580335049684 0.003590204044197)
(0.616584577734160 0.016684503440936 0.002639629713559)
(0.605983118718391 0.015669410672128 0.001769094974974)
(0.578645001458310 0.015145919897099 0.001352669895662)
(0.395652397371512 0.010326434480596 0.000429656670198)
(0.122257926235301 0.003024612373956 -0.000037290909218)
(0.130499302259324 0.003567285962915 0.000306652100330)
(0.405117116166028 0.010705113711026 0.000574568301685)
(0.581643870046448 0.014987741940543 0.000697065807040)
(0.606810945194322 0.015398088994699 0.001887653553705)
(0.615639958575043 0.016427804770821 0.003041980523381)
(0.621422294882321 0.017160223789549 0.004053728586962)
(0.633107523039267 0.018113575231511 0.004782122168273)
(0.648358748937514 0.018476576268116 0.005177435723562)
(0.661290920462194 0.018777313381407 0.005137934821522)
(0.669042003833859 0.018929645472379 0.004886115442911)
(0.668988454317171 0.018928971388848 0.004889453761350)
(0.661181269541166 0.018774532786842 0.005138853661573)
(0.648650790733858 0.018428020309291 0.005134796790503)
(0.634024968807850 0.018000305144061 0.004683692127633)
(0.624834791830868 0.017550664878256 0.003888348058483)
(0.615704362648446 0.016434161369508 0.003020396913559)
(0.607526585761248 0.015354783229271 0.001702131046402)
(0.580502683858310 0.014889808625670 0.001043193524233)
(0.397510079771512 0.010070323209168 0.000120180298770)
(0.122257926235301 0.003024612373956 -0.000037290909218)
(0.130499302259324 0.003567285962915 0.000306652100330)
(0.406974798566028 0.010449002439597 0.000265091930256)
(0.583408986704954 0.014714392196600 0.000459031978391)
(0.608354412237179 0.015083461551842 0.001820689625133)
(0.614759743489329 0.016177462699392 0.003422747723381)
(0.622465695910893 0.017130553618121 0.004351872601247)
(0.634150924067838 0.018083905060083 0.005080266182558)
(0.648550574837514 0.018535092439545 0.005551609552133)
(0.661482746362194 0.018835829552836 0.005512108650094)
(0.672114720962430 0.019096334143808 0.005384533114339)
(0.672061171445742 0.019095660060277 0.005387871432778)
(0.661373095441166 0.018833048958271 0.005513027490145)
(0.648842616633858 0.018486536480720 0.005508970619074)
(0.635068369836422 0.017970634972633 0.004981836141919)
(0.624741442405601 0.017390589850780 0.004235317793847)
(0.614824147562732 0.016183819298079 0.003401164113559)
(0.609070052804105 0.015040155786414 0.001635167117831)
(0.582360366258310 0.014633697354241 0.000733717152805)
(0.398961949955165 0.009870159651240 -0.000121690710086)
(0.122257926235301 0.003024612373956 -0.000037290909218)
(0.132099780282362 0.003346634434228 0.000040024106696)
(0.408832480966028 0.010192891168169 -0.000044384441172)
(0.584952453747811 0.014399764753743 0.000392068049820)
(0.609897879280036 0.014768834108985 0.001753725696562)
(0.613879528403615 0.015927120627964 0.003803514923381)
(0.623509096939464 0.017100883446692 0.004650016615533)
(0.635194325096410 0.018054234888654 0.005378410196844)
(0.648942654002371 0.018572871036001 0.005907904490133)
(0.661674572262194 0.018894345724265 0.005886282478665)
(0.673053693421317 0.019182904380707 0.005790929040966)
(0.672944042500288 0.019180123786142 0.005791847881017)
(0.661564921341166 0.018891565129699 0.005887201318716)
(0.649034442533858 0.018545052652148 0.005883144447645)
(0.635286472255007 0.018026430033499 0.005353663966290)
(0.623861227319886 0.017140247779351 0.004616084993847)
(0.613943932477018 0.015933477226651 0.003781931313559)
(0.610465377296964 0.014729457653732 0.001595569827119)
(0.584218048658310 0.014377586082813 0.000424240781376)
(0.398961949955165 0.009870159651240 -0.000121690710086)
(0.122257926235301 0.003024612373956 -0.000037290909218)
(0.132098577312362 0.003374679968514 0.000035101650981)
(0.408831277996028 0.010220936702454 -0.000049306896887)
(0.584869554349240 0.014412596002314 0.000450199165534)
(0.611931273626210 0.014974855666130 0.001475467011839)
(0.615969769518713 0.016135485652440 0.003527481111684)
(0.625614732773750 0.017172150100978 0.004277011062676)
(0.637299960930696 0.018125501542940 0.005005404643987)
(0.650864337714113 0.018651990113385 0.005522407952009)
(0.663040677672194 0.018929127359979 0.005514900512951)
(0.674419798831317 0.019217686016422 0.005419547075252)
(0.674310147910288 0.019214905421857 0.005420465915303)
(0.662931026751166 0.018926346765414 0.005515819353002)
(0.649601844293858 0.018695459537863 0.005440489891931)
(0.635853874015007 0.018176836919213 0.004911009410576)
(0.625466720297029 0.017154139433637 0.004264561583847)
(0.615847337568872 0.016133498414063 0.003523000792433)
(0.611587024479418 0.014951330175847 0.001478092945769)
(0.584216845688310 0.014405631617099 0.000419318325662)
(0.398961949955165 0.009870159651240 -0.000121690710086)
(0.122257926235301 0.003024612373956 -0.000037290909218)
(0.131639253134174 0.003464452364839 0.000106762072609)
(0.408176950026028 0.010348821522454 0.000052776599780)
(0.584215226379240 0.014540480822314 0.000552282662201)
(0.612356434562877 0.015358349869463 0.001403511768505)
(0.618903908828713 0.016526672175774 0.003060172671684)
(0.628093582893750 0.017278881040978 0.003668195986009)
(0.639778811050696 0.018232232482940 0.004396589567320)
(0.651563697807446 0.018834682713385 0.004792759348676)
(0.664819366415528 0.018955569709979 0.004881566166284)
(0.676198487574650 0.019244128366422 0.004786212728585)
(0.676088836653622 0.019241347771857 0.004787131568636)
(0.664709715494499 0.018952789115414 0.004882485006335)
(0.650301204387192 0.018878152137863 0.004710841288598)
(0.636837386755421 0.018347399804271 0.004200655754640)
(0.627945570417029 0.017260870373637 0.003655746507180)
(0.618781476878872 0.016524684937396 0.003055692352433)
(0.612012185416085 0.015334824379181 0.001406137702436)
(0.583562517718310 0.014533516437099 0.000521401822329)
(0.398961949955165 0.009870159651240 -0.000121690710086)
(0.122257926235301 0.003024612373956 -0.000037290909218)
(0.131639253134174 0.003464452364839 0.000106762072609)
(0.407522626592694 0.010476705455788 0.000154859388669)
(0.583560902945906 0.014668364755648 0.000654365451089)
(0.612781592551766 0.015741841413908 0.001331557024061)
(0.621838027795380 0.016917855986885 0.002592867471684)
(0.630572415827083 0.017385611240978 0.003059385130454)
(0.642257643984029 0.018338962682940 0.003787778711765)
(0.652263053051891 0.019017374046719 0.004063115804231)
(0.666182690322753 0.019042140858277 0.004211172089743)
(0.677977163985761 0.019270570533088 0.004152882773029)
(0.677867513064733 0.019267789938523 0.004153801613081)
(0.666046015874458 0.019043272355632 0.004209679476211)
(0.651000559631636 0.019060843471196 0.003981197744153)
(0.639316219688754 0.018454130004271 0.003591844899084)
(0.630424403350363 0.017367600573637 0.003046935651625)
(0.621715595845539 0.016915868748508 0.002588387152433)
(0.612437343404974 0.015718315923625 0.001334182957992)
(0.582908194284977 0.014661400370432 0.000623484611218)
(0.398412877471644 0.009977472862567 -0.000036028409816)
(0.122257926235301 0.003024612373956 -0.000037290909218)
(0.131639253134174 0.003464452364839 0.000106762072609)
(0.406868298622694 0.010604590275788 0.000256942885336)
(0.582906574975906 0.014796249575648 0.000756448947756)
(0.613206753488432 0.016125335617241 0.001259601780728)
(0.624772167105380 0.017309042510218 0.002125559031684)
(0.633051265947083 0.017492342180978 0.002450570053787)
(0.644736494104029 0.018445693622940 0.003178963635098)
(0.652962413145224 0.019200066646719 0.003333467200898)
(0.666882050416086 0.019224833458277 0.003481523486410)
(0.679755852729095 0.019297012883088 0.003519548426363)
(0.679646201808066 0.019294232288523 0.003520467266414)
(0.666745375967792 0.019225964955632 0.003480030872877)
(0.651699919724969 0.019243536071196 0.003251549140820)
(0.641795069808754 0.018560860944271 0.002983029822418)
(0.632903253470363 0.017474331513637 0.002438120574958)
(0.624649735155539 0.017307055271841 0.002121078712433)
(0.612862504341641 0.016101810126959 0.001262227714658)
(0.582253866314977 0.014789285190432 0.000725568107884)
(0.397758549501644 0.010105357682567 0.000066055086850)
(0.122257926235301 0.003024612373956 -0.000037290909218)
(0.131639253134174 0.003464452364839 0.000106762072609)
(0.406402581812437 0.010695612077058 0.000329600638981)
(0.582790646649292 0.015051620653249 0.000771729889091)
(0.613631914425099 0.016508829820574 0.001187646537394)
(0.627706306415380 0.017700229033551 0.001658250591684)
(0.635905019656738 0.017833305388362 0.001958277282529)
(0.647005729776117 0.018561372441931 0.002555915012527)
(0.653661773238557 0.019382759246719 0.002603818597565)
(0.667581410509420 0.019407526058277 0.002751874883077)
(0.681534541472428 0.019323455233088 0.002886214079696)
(0.681424890551399 0.019320674638523 0.002887132919747)
(0.667444736061125 0.019408657555632 0.002750382269544)
(0.652399279818303 0.019426228671196 0.002521900537487)
(0.644273919928754 0.018667591884271 0.002374214745751)
(0.635782655453660 0.017831319249607 0.001953799442428)
(0.627583874465539 0.017698241795174 0.001653770272433)
(0.613287665278307 0.016485304330292 0.001190272471325)
(0.582016718094786 0.015015952923280 0.000760392517809)
(0.397104221531644 0.010233242502567 0.000168138583517)
(0.122257926235301 0.003024612373956 -0.000037290909218)
(0.131639253134174 0.003464452364839 0.000106762072609)
(0.406402581812437 0.010695612077058 0.000329600638981)
(0.583215806406847 0.015435113793027 0.000699774845313)
(0.614057074182655 0.016892322960352 0.001115691493617)
(0.630640437588047 0.018091414471996 0.001190943447684)
(0.638839150829405 0.018224490826806 0.001490970138529)
(0.647705087929895 0.018744064535264 0.001826268432749)
(0.654361131392335 0.019565451340052 0.001874172017787)
(0.668280768663198 0.019590218151610 0.002022228303299)
(0.682464280228010 0.019472796014357 0.002177125590740)
(0.682327605779715 0.019473927511712 0.002175632977207)
(0.668144094214903 0.019591349648966 0.002020735689766)
(0.653408633012689 0.019595687907068 0.001813303692995)
(0.646752763174087 0.018774322528271 0.001765401357529)
(0.638716786626327 0.018222504688052 0.001486492298428)
(0.630518005638206 0.018089427233619 0.001186463128433)
(0.613712825035863 0.016868797470070 0.001118317427547)
(0.582441877852342 0.015399446063058 0.000688437474031)
(0.396449895376310 0.010361126967900 0.000270221797073)
(0.121715039581848 0.003130716598657 0.000047406322780)
)
;
    }

    outlet
    {
        type zeroGradient; 
    }

    walls
    {
        type noSlip; 
    }

    reflecting
    {
        type zeroGradient; 
    }

    frontBack
    {
        type empty; 
    }
}

// ************************************************************************* //
