/*--------------------------------*- C++ -*----------------------------------*\
| =========                 |                                                 |
| \\      /  F ield         | OpenFOAM: The Open Source CFD Toolbox           |
|  \\    /   O peration     | Version:  4.x                                   |
|   \\  /    A nd           | Web:      www.OpenFOAM.org                      |
|    \\/     M anipulation  |                                                 |
\*---------------------------------------------------------------------------*/
FoamFile
{
    version     2.0;
    format      ascii;
    class       labelList;
    location    "constant/polyMesh";
    object      cellProcAddressing;
}
// * * * * * * * * * * * * * * * * * * * * * * * * * * * * * * * * * * * * * //


200
(
210
211
212
213
214
215
216
217
218
219
240
241
242
243
244
245
246
247
248
249
270
271
272
273
274
275
276
277
278
279
300
301
302
303
304
305
306
307
308
309
330
331
332
333
334
335
336
337
338
339
360
361
362
363
364
365
366
367
368
369
390
391
392
393
394
395
396
397
398
399
420
421
422
423
424
425
426
427
428
429
450
451
452
453
454
455
456
457
458
459
480
481
482
483
484
485
486
487
488
489
510
511
512
513
514
515
516
517
518
519
540
541
542
543
544
545
546
547
548
549
570
571
572
573
574
575
576
577
578
579
600
601
602
603
604
605
606
607
608
609
630
631
632
633
634
635
636
637
638
639
660
661
662
663
664
665
666
667
668
669
690
691
692
693
694
695
696
697
698
699
720
721
722
723
724
725
726
727
728
729
750
751
752
753
754
755
756
757
758
759
780
781
782
783
784
785
786
787
788
789
)


// ************************************************************************* //
