/*--------------------------------*- C++ -*----------------------------------*\
| =========                 |                                                 |
| \\      /  F ield         | OpenFOAM: The Open Source CFD Toolbox           |
|  \\    /   O peration     | Version:  4.x                                   |
|   \\  /    A nd           | Web:      www.OpenFOAM.org                      |
|    \\/     M anipulation  |                                                 |
\*---------------------------------------------------------------------------*/
FoamFile
{
    version     2.0;
    format      ascii;
    class       vectorField;
    location    "constant/polyMesh";
    object      points;
}
// * * * * * * * * * * * * * * * * * * * * * * * * * * * * * * * * * * * * * //


462
(
(0.05887219336 -0.025 -0.025)
(0.06911670035 -0.025 -0.025)
(0.08054838172 -0.025 -0.025)
(0.09330481196 -0.025 -0.025)
(0.1075395083 -0.025 -0.025)
(0.123423778 -0.025 -0.025)
(0.1411487804 -0.025 -0.025)
(0.1609278267 -0.025 -0.025)
(0.182998948 -0.025 -0.025)
(0.2076277589 -0.025 -0.025)
(0.2351106547 -0.025 -0.025)
(0.05887219336 -0.021875 -0.025)
(0.06911670035 -0.021875 -0.025)
(0.08054838172 -0.021875 -0.025)
(0.09330481196 -0.021875 -0.025)
(0.1075395083 -0.021875 -0.025)
(0.123423778 -0.021875 -0.025)
(0.1411487804 -0.021875 -0.025)
(0.1609278267 -0.021875 -0.025)
(0.182998948 -0.021875 -0.025)
(0.2076277589 -0.021875 -0.025)
(0.2351106547 -0.021875 -0.025)
(0.05887219336 -0.01875 -0.025)
(0.06911670035 -0.01875 -0.025)
(0.08054838172 -0.01875 -0.025)
(0.09330481196 -0.01875 -0.025)
(0.1075395083 -0.01875 -0.025)
(0.123423778 -0.01875 -0.025)
(0.1411487804 -0.01875 -0.025)
(0.1609278267 -0.01875 -0.025)
(0.182998948 -0.01875 -0.025)
(0.2076277589 -0.01875 -0.025)
(0.2351106547 -0.01875 -0.025)
(0.05887219336 -0.015625 -0.025)
(0.06911670035 -0.015625 -0.025)
(0.08054838172 -0.015625 -0.025)
(0.09330481196 -0.015625 -0.025)
(0.1075395083 -0.015625 -0.025)
(0.123423778 -0.015625 -0.025)
(0.1411487804 -0.015625 -0.025)
(0.1609278267 -0.015625 -0.025)
(0.182998948 -0.015625 -0.025)
(0.2076277589 -0.015625 -0.025)
(0.2351106547 -0.015625 -0.025)
(0.05887219336 -0.0125 -0.025)
(0.06911670035 -0.0125 -0.025)
(0.08054838172 -0.0125 -0.025)
(0.09330481196 -0.0125 -0.025)
(0.1075395083 -0.0125 -0.025)
(0.123423778 -0.0125 -0.025)
(0.1411487804 -0.0125 -0.025)
(0.1609278267 -0.0125 -0.025)
(0.182998948 -0.0125 -0.025)
(0.2076277589 -0.0125 -0.025)
(0.2351106547 -0.0125 -0.025)
(0.05887219336 -0.009375 -0.025)
(0.06911670035 -0.009375 -0.025)
(0.08054838172 -0.009375 -0.025)
(0.09330481196 -0.009375 -0.025)
(0.1075395083 -0.009375 -0.025)
(0.123423778 -0.009375 -0.025)
(0.1411487804 -0.009375 -0.025)
(0.1609278267 -0.009375 -0.025)
(0.182998948 -0.009375 -0.025)
(0.2076277589 -0.009375 -0.025)
(0.2351106547 -0.009375 -0.025)
(0.05887219336 -0.00625 -0.025)
(0.06911670035 -0.00625 -0.025)
(0.08054838172 -0.00625 -0.025)
(0.09330481196 -0.00625 -0.025)
(0.1075395083 -0.00625 -0.025)
(0.123423778 -0.00625 -0.025)
(0.1411487804 -0.00625 -0.025)
(0.1609278267 -0.00625 -0.025)
(0.182998948 -0.00625 -0.025)
(0.2076277589 -0.00625 -0.025)
(0.2351106547 -0.00625 -0.025)
(0.05887219336 -0.002737979468 -0.025)
(0.06911670035 -0.002737979468 -0.025)
(0.08054838172 -0.002737979468 -0.025)
(0.09330481196 -0.002737979468 -0.025)
(0.1075395083 -0.002737979468 -0.025)
(0.123423778 -0.002737979468 -0.025)
(0.1411487804 -0.002737979468 -0.025)
(0.1609278267 -0.002737979468 -0.025)
(0.182998948 -0.002737979468 -0.025)
(0.2076277589 -0.002737979468 -0.025)
(0.2351106547 -0.002737979468 -0.025)
(0.05887219336 -0.00110784394 -0.025)
(0.06911670035 -0.00110784394 -0.025)
(0.08054838172 -0.00110784394 -0.025)
(0.09330481196 -0.00110784394 -0.025)
(0.1075395083 -0.00110784394 -0.025)
(0.123423778 -0.00110784394 -0.025)
(0.1411487804 -0.00110784394 -0.025)
(0.1609278267 -0.00110784394 -0.025)
(0.182998948 -0.00110784394 -0.025)
(0.2076277589 -0.00110784394 -0.025)
(0.2351106547 -0.00110784394 -0.025)
(0.05887219336 -0.0003512020532 -0.025)
(0.06911670035 -0.0003512020532 -0.025)
(0.08054838172 -0.0003512020532 -0.025)
(0.09330481196 -0.0003512020532 -0.025)
(0.1075395083 -0.0003512020532 -0.025)
(0.123423778 -0.0003512020532 -0.025)
(0.1411487804 -0.0003512020532 -0.025)
(0.1609278267 -0.0003512020532 -0.025)
(0.182998948 -0.0003512020532 -0.025)
(0.2076277589 -0.0003512020532 -0.025)
(0.2351106547 -0.0003512020532 -0.025)
(0.05887219336 0 -0.025)
(0.06911670035 0 -0.025)
(0.08054838172 0 -0.025)
(0.09330481196 0 -0.025)
(0.1075395083 0 -0.025)
(0.123423778 0 -0.025)
(0.1411487804 0 -0.025)
(0.1609278267 0 -0.025)
(0.182998948 0 -0.025)
(0.2076277589 0 -0.025)
(0.2351106547 0 -0.025)
(0.05887219336 -0.025 0)
(0.06911670035 -0.025 0)
(0.08054838172 -0.025 0)
(0.09330481196 -0.025 0)
(0.1075395083 -0.025 0)
(0.123423778 -0.025 0)
(0.1411487804 -0.025 0)
(0.1609278267 -0.025 0)
(0.182998948 -0.025 0)
(0.2076277589 -0.025 0)
(0.2351106547 -0.025 0)
(0.05887219336 -0.021875 0)
(0.06911670035 -0.021875 0)
(0.08054838172 -0.021875 0)
(0.09330481196 -0.021875 0)
(0.1075395083 -0.021875 0)
(0.123423778 -0.021875 0)
(0.1411487804 -0.021875 0)
(0.1609278267 -0.021875 0)
(0.182998948 -0.021875 0)
(0.2076277589 -0.021875 0)
(0.2351106547 -0.021875 0)
(0.05887219336 -0.01875 0)
(0.06911670035 -0.01875 0)
(0.08054838172 -0.01875 0)
(0.09330481196 -0.01875 0)
(0.1075395083 -0.01875 0)
(0.123423778 -0.01875 0)
(0.1411487804 -0.01875 0)
(0.1609278267 -0.01875 0)
(0.182998948 -0.01875 0)
(0.2076277589 -0.01875 0)
(0.2351106547 -0.01875 0)
(0.05887219336 -0.015625 0)
(0.06911670035 -0.015625 0)
(0.08054838172 -0.015625 0)
(0.09330481196 -0.015625 0)
(0.1075395083 -0.015625 0)
(0.123423778 -0.015625 0)
(0.1411487804 -0.015625 0)
(0.1609278267 -0.015625 0)
(0.182998948 -0.015625 0)
(0.2076277589 -0.015625 0)
(0.2351106547 -0.015625 0)
(0.05887219336 -0.0125 0)
(0.06911670035 -0.0125 0)
(0.08054838172 -0.0125 0)
(0.09330481196 -0.0125 0)
(0.1075395083 -0.0125 0)
(0.123423778 -0.0125 0)
(0.1411487804 -0.0125 0)
(0.1609278267 -0.0125 0)
(0.182998948 -0.0125 0)
(0.2076277589 -0.0125 0)
(0.2351106547 -0.0125 0)
(0.05887219336 -0.009375 0)
(0.06911670035 -0.009375 0)
(0.08054838172 -0.009375 0)
(0.09330481196 -0.009375 0)
(0.1075395083 -0.009375 0)
(0.123423778 -0.009375 0)
(0.1411487804 -0.009375 0)
(0.1609278267 -0.009375 0)
(0.182998948 -0.009375 0)
(0.2076277589 -0.009375 0)
(0.2351106547 -0.009375 0)
(0.05887219336 -0.00625 0)
(0.06911670035 -0.00625 0)
(0.08054838172 -0.00625 0)
(0.09330481196 -0.00625 0)
(0.1075395083 -0.00625 0)
(0.123423778 -0.00625 0)
(0.1411487804 -0.00625 0)
(0.1609278267 -0.00625 0)
(0.182998948 -0.00625 0)
(0.2076277589 -0.00625 0)
(0.2351106547 -0.00625 0)
(0.05887219336 -0.002737979468 0)
(0.06911670035 -0.002737979468 0)
(0.08054838172 -0.002737979468 0)
(0.09330481196 -0.002737979468 0)
(0.1075395083 -0.002737979468 0)
(0.123423778 -0.002737979468 0)
(0.1411487804 -0.002737979468 0)
(0.1609278267 -0.002737979468 0)
(0.182998948 -0.002737979468 0)
(0.2076277589 -0.002737979468 0)
(0.2351106547 -0.002737979468 0)
(0.05887219336 -0.00110784394 0)
(0.06911670035 -0.00110784394 0)
(0.08054838172 -0.00110784394 0)
(0.09330481196 -0.00110784394 0)
(0.1075395083 -0.00110784394 0)
(0.123423778 -0.00110784394 0)
(0.1411487804 -0.00110784394 0)
(0.1609278267 -0.00110784394 0)
(0.182998948 -0.00110784394 0)
(0.2076277589 -0.00110784394 0)
(0.2351106547 -0.00110784394 0)
(0.05887219336 -0.0003512020532 0)
(0.06911670035 -0.0003512020532 0)
(0.08054838172 -0.0003512020532 0)
(0.09330481196 -0.0003512020532 0)
(0.1075395083 -0.0003512020532 0)
(0.123423778 -0.0003512020532 0)
(0.1411487804 -0.0003512020532 0)
(0.1609278267 -0.0003512020532 0)
(0.182998948 -0.0003512020532 0)
(0.2076277589 -0.0003512020532 0)
(0.2351106547 -0.0003512020532 0)
(0.05887219336 0 0)
(0.06911670035 0 0)
(0.08054838172 0 0)
(0.09330481196 0 0)
(0.1075395083 0 0)
(0.123423778 0 0)
(0.1411487804 0 0)
(0.1609278267 0 0)
(0.182998948 0 0)
(0.2076277589 0 0)
(0.2351106547 0 0)
(0.05887219336 0.0003512020532 -0.025)
(0.06911670035 0.0003512020532 -0.025)
(0.08054838172 0.0003512020532 -0.025)
(0.09330481196 0.0003512020532 -0.025)
(0.1075395083 0.0003512020532 -0.025)
(0.123423778 0.0003512020532 -0.025)
(0.1411487804 0.0003512020532 -0.025)
(0.1609278267 0.0003512020532 -0.025)
(0.182998948 0.0003512020532 -0.025)
(0.2076277589 0.0003512020532 -0.025)
(0.2351106547 0.0003512020532 -0.025)
(0.05887219336 0.00110784394 -0.025)
(0.06911670035 0.00110784394 -0.025)
(0.08054838172 0.00110784394 -0.025)
(0.09330481196 0.00110784394 -0.025)
(0.1075395083 0.00110784394 -0.025)
(0.123423778 0.00110784394 -0.025)
(0.1411487804 0.00110784394 -0.025)
(0.1609278267 0.00110784394 -0.025)
(0.182998948 0.00110784394 -0.025)
(0.2076277589 0.00110784394 -0.025)
(0.2351106547 0.00110784394 -0.025)
(0.05887219336 0.002737979468 -0.025)
(0.06911670035 0.002737979468 -0.025)
(0.08054838172 0.002737979468 -0.025)
(0.09330481196 0.002737979468 -0.025)
(0.1075395083 0.002737979468 -0.025)
(0.123423778 0.002737979468 -0.025)
(0.1411487804 0.002737979468 -0.025)
(0.1609278267 0.002737979468 -0.025)
(0.182998948 0.002737979468 -0.025)
(0.2076277589 0.002737979468 -0.025)
(0.2351106547 0.002737979468 -0.025)
(0.05887219336 0.00625 -0.025)
(0.06911670035 0.00625 -0.025)
(0.08054838172 0.00625 -0.025)
(0.09330481196 0.00625 -0.025)
(0.1075395083 0.00625 -0.025)
(0.123423778 0.00625 -0.025)
(0.1411487804 0.00625 -0.025)
(0.1609278267 0.00625 -0.025)
(0.182998948 0.00625 -0.025)
(0.2076277589 0.00625 -0.025)
(0.2351106547 0.00625 -0.025)
(0.05887219336 0.009375 -0.025)
(0.06911670035 0.009375 -0.025)
(0.08054838172 0.009375 -0.025)
(0.09330481196 0.009375 -0.025)
(0.1075395083 0.009375 -0.025)
(0.123423778 0.009375 -0.025)
(0.1411487804 0.009375 -0.025)
(0.1609278267 0.009375 -0.025)
(0.182998948 0.009375 -0.025)
(0.2076277589 0.009375 -0.025)
(0.2351106547 0.009375 -0.025)
(0.05887219336 0.0125 -0.025)
(0.06911670035 0.0125 -0.025)
(0.08054838172 0.0125 -0.025)
(0.09330481196 0.0125 -0.025)
(0.1075395083 0.0125 -0.025)
(0.123423778 0.0125 -0.025)
(0.1411487804 0.0125 -0.025)
(0.1609278267 0.0125 -0.025)
(0.182998948 0.0125 -0.025)
(0.2076277589 0.0125 -0.025)
(0.2351106547 0.0125 -0.025)
(0.05887219336 0.015625 -0.025)
(0.06911670035 0.015625 -0.025)
(0.08054838172 0.015625 -0.025)
(0.09330481196 0.015625 -0.025)
(0.1075395083 0.015625 -0.025)
(0.123423778 0.015625 -0.025)
(0.1411487804 0.015625 -0.025)
(0.1609278267 0.015625 -0.025)
(0.182998948 0.015625 -0.025)
(0.2076277589 0.015625 -0.025)
(0.2351106547 0.015625 -0.025)
(0.05887219336 0.01875 -0.025)
(0.06911670035 0.01875 -0.025)
(0.08054838172 0.01875 -0.025)
(0.09330481196 0.01875 -0.025)
(0.1075395083 0.01875 -0.025)
(0.123423778 0.01875 -0.025)
(0.1411487804 0.01875 -0.025)
(0.1609278267 0.01875 -0.025)
(0.182998948 0.01875 -0.025)
(0.2076277589 0.01875 -0.025)
(0.2351106547 0.01875 -0.025)
(0.05887219336 0.021875 -0.025)
(0.06911670035 0.021875 -0.025)
(0.08054838172 0.021875 -0.025)
(0.09330481196 0.021875 -0.025)
(0.1075395083 0.021875 -0.025)
(0.123423778 0.021875 -0.025)
(0.1411487804 0.021875 -0.025)
(0.1609278267 0.021875 -0.025)
(0.182998948 0.021875 -0.025)
(0.2076277589 0.021875 -0.025)
(0.2351106547 0.021875 -0.025)
(0.05887219336 0.025 -0.025)
(0.06911670035 0.025 -0.025)
(0.08054838172 0.025 -0.025)
(0.09330481196 0.025 -0.025)
(0.1075395083 0.025 -0.025)
(0.123423778 0.025 -0.025)
(0.1411487804 0.025 -0.025)
(0.1609278267 0.025 -0.025)
(0.182998948 0.025 -0.025)
(0.2076277589 0.025 -0.025)
(0.2351106547 0.025 -0.025)
(0.05887219336 0.0003512020532 0)
(0.06911670035 0.0003512020532 0)
(0.08054838172 0.0003512020532 0)
(0.09330481196 0.0003512020532 0)
(0.1075395083 0.0003512020532 0)
(0.123423778 0.0003512020532 0)
(0.1411487804 0.0003512020532 0)
(0.1609278267 0.0003512020532 0)
(0.182998948 0.0003512020532 0)
(0.2076277589 0.0003512020532 0)
(0.2351106547 0.0003512020532 0)
(0.05887219336 0.00110784394 0)
(0.06911670035 0.00110784394 0)
(0.08054838172 0.00110784394 0)
(0.09330481196 0.00110784394 0)
(0.1075395083 0.00110784394 0)
(0.123423778 0.00110784394 0)
(0.1411487804 0.00110784394 0)
(0.1609278267 0.00110784394 0)
(0.182998948 0.00110784394 0)
(0.2076277589 0.00110784394 0)
(0.2351106547 0.00110784394 0)
(0.05887219336 0.002737979468 0)
(0.06911670035 0.002737979468 0)
(0.08054838172 0.002737979468 0)
(0.09330481196 0.002737979468 0)
(0.1075395083 0.002737979468 0)
(0.123423778 0.002737979468 0)
(0.1411487804 0.002737979468 0)
(0.1609278267 0.002737979468 0)
(0.182998948 0.002737979468 0)
(0.2076277589 0.002737979468 0)
(0.2351106547 0.002737979468 0)
(0.05887219336 0.00625 0)
(0.06911670035 0.00625 0)
(0.08054838172 0.00625 0)
(0.09330481196 0.00625 0)
(0.1075395083 0.00625 0)
(0.123423778 0.00625 0)
(0.1411487804 0.00625 0)
(0.1609278267 0.00625 0)
(0.182998948 0.00625 0)
(0.2076277589 0.00625 0)
(0.2351106547 0.00625 0)
(0.05887219336 0.009375 0)
(0.06911670035 0.009375 0)
(0.08054838172 0.009375 0)
(0.09330481196 0.009375 0)
(0.1075395083 0.009375 0)
(0.123423778 0.009375 0)
(0.1411487804 0.009375 0)
(0.1609278267 0.009375 0)
(0.182998948 0.009375 0)
(0.2076277589 0.009375 0)
(0.2351106547 0.009375 0)
(0.05887219336 0.0125 0)
(0.06911670035 0.0125 0)
(0.08054838172 0.0125 0)
(0.09330481196 0.0125 0)
(0.1075395083 0.0125 0)
(0.123423778 0.0125 0)
(0.1411487804 0.0125 0)
(0.1609278267 0.0125 0)
(0.182998948 0.0125 0)
(0.2076277589 0.0125 0)
(0.2351106547 0.0125 0)
(0.05887219336 0.015625 0)
(0.06911670035 0.015625 0)
(0.08054838172 0.015625 0)
(0.09330481196 0.015625 0)
(0.1075395083 0.015625 0)
(0.123423778 0.015625 0)
(0.1411487804 0.015625 0)
(0.1609278267 0.015625 0)
(0.182998948 0.015625 0)
(0.2076277589 0.015625 0)
(0.2351106547 0.015625 0)
(0.05887219336 0.01875 0)
(0.06911670035 0.01875 0)
(0.08054838172 0.01875 0)
(0.09330481196 0.01875 0)
(0.1075395083 0.01875 0)
(0.123423778 0.01875 0)
(0.1411487804 0.01875 0)
(0.1609278267 0.01875 0)
(0.182998948 0.01875 0)
(0.2076277589 0.01875 0)
(0.2351106547 0.01875 0)
(0.05887219336 0.021875 0)
(0.06911670035 0.021875 0)
(0.08054838172 0.021875 0)
(0.09330481196 0.021875 0)
(0.1075395083 0.021875 0)
(0.123423778 0.021875 0)
(0.1411487804 0.021875 0)
(0.1609278267 0.021875 0)
(0.182998948 0.021875 0)
(0.2076277589 0.021875 0)
(0.2351106547 0.021875 0)
(0.05887219336 0.025 0)
(0.06911670035 0.025 0)
(0.08054838172 0.025 0)
(0.09330481196 0.025 0)
(0.1075395083 0.025 0)
(0.123423778 0.025 0)
(0.1411487804 0.025 0)
(0.1609278267 0.025 0)
(0.182998948 0.025 0)
(0.2076277589 0.025 0)
(0.2351106547 0.025 0)
)


// ************************************************************************* //
