/*--------------------------------*- C++ -*----------------------------------*\
| =========                 |                                                 |
| \\      /  F ield         | OpenFOAM: The Open Source CFD Toolbox           |
|  \\    /   O peration     | Version:  4.x                                   |
|   \\  /    A nd           | Web:      www.OpenFOAM.org                      |
|    \\/     M anipulation  |                                                 |
\*---------------------------------------------------------------------------*/
FoamFile
{
    version     2.0;
    format      ascii;
    class       labelList;
    location    "constant/polyMesh";
    object      pointProcAddressing;
}
// * * * * * * * * * * * * * * * * * * * * * * * * * * * * * * * * * * * * * //


462
(
491
492
493
494
495
496
497
498
499
500
501
521
522
523
524
525
526
527
528
529
530
531
551
552
553
554
555
556
557
558
559
560
561
581
582
583
584
585
586
587
588
589
590
591
611
612
613
614
615
616
617
618
619
620
621
641
642
643
644
645
646
647
648
649
650
651
671
672
673
674
675
676
677
678
679
680
681
701
702
703
704
705
706
707
708
709
710
711
731
732
733
734
735
736
737
738
739
740
741
761
762
763
764
765
766
767
768
769
770
771
791
792
793
794
795
796
797
798
799
800
801
821
822
823
824
825
826
827
828
829
830
831
851
852
853
854
855
856
857
858
859
860
861
881
882
883
884
885
886
887
888
889
890
891
911
912
913
914
915
916
917
918
919
920
921
941
942
943
944
945
946
947
948
949
950
951
971
972
973
974
975
976
977
978
979
980
981
1001
1002
1003
1004
1005
1006
1007
1008
1009
1010
1011
1031
1032
1033
1034
1035
1036
1037
1038
1039
1040
1041
1061
1062
1063
1064
1065
1066
1067
1068
1069
1070
1071
1091
1092
1093
1094
1095
1096
1097
1098
1099
1100
1101
1121
1122
1123
1124
1125
1126
1127
1128
1129
1130
1131
1151
1152
1153
1154
1155
1156
1157
1158
1159
1160
1161
1181
1182
1183
1184
1185
1186
1187
1188
1189
1190
1191
1211
1212
1213
1214
1215
1216
1217
1218
1219
1220
1221
1241
1242
1243
1244
1245
1246
1247
1248
1249
1250
1251
1271
1272
1273
1274
1275
1276
1277
1278
1279
1280
1281
1301
1302
1303
1304
1305
1306
1307
1308
1309
1310
1311
1331
1332
1333
1334
1335
1336
1337
1338
1339
1340
1341
1361
1362
1363
1364
1365
1366
1367
1368
1369
1370
1371
1391
1392
1393
1394
1395
1396
1397
1398
1399
1400
1401
1421
1422
1423
1424
1425
1426
1427
1428
1429
1430
1431
1451
1452
1453
1454
1455
1456
1457
1458
1459
1460
1461
1481
1482
1483
1484
1485
1486
1487
1488
1489
1490
1491
1511
1512
1513
1514
1515
1516
1517
1518
1519
1520
1521
1541
1542
1543
1544
1545
1546
1547
1548
1549
1550
1551
1571
1572
1573
1574
1575
1576
1577
1578
1579
1580
1581
1601
1602
1603
1604
1605
1606
1607
1608
1609
1610
1611
1631
1632
1633
1634
1635
1636
1637
1638
1639
1640
1641
1661
1662
1663
1664
1665
1666
1667
1668
1669
1670
1671
1691
1692
1693
1694
1695
1696
1697
1698
1699
1700
1701
1721
1722
1723
1724
1725
1726
1727
1728
1729
1730
1731
)


// ************************************************************************* //
