/*--------------------------------*- C++ -*----------------------------------*\
| =========                 |                                                 |
| \\      /  F ield         | OpenFOAM: The Open Source CFD Toolbox           |
|  \\    /   O peration     | Version:  4.x                                   |
|   \\  /    A nd           | Web:      www.OpenFOAM.org                      |
|    \\/     M anipulation  |                                                 |
\*---------------------------------------------------------------------------*/
FoamFile
{
    version     2.0;
    format      ascii;
    class       faceList;
    location    "constant/polyMesh";
    object      faces;
}
// * * * * * * * * * * * * * * * * * * * * * * * * * * * * * * * * * * * * * //


2050
(
4(1 7 73 67)
4(6 72 73 7)
4(2 8 74 68)
4(7 73 74 8)
4(3 9 75 69)
4(8 74 75 9)
4(4 10 76 70)
4(9 75 76 10)
4(10 76 77 11)
4(5 11 77 71)
4(7 13 79 73)
4(12 78 79 13)
4(8 14 80 74)
4(13 79 80 14)
4(9 15 81 75)
4(14 80 81 15)
4(10 16 82 76)
4(15 81 82 16)
4(16 82 83 17)
4(11 17 83 77)
4(13 19 85 79)
4(18 84 85 19)
4(14 20 86 80)
4(19 85 86 20)
4(15 21 87 81)
4(20 86 87 21)
4(16 22 88 82)
4(21 87 88 22)
4(22 88 89 23)
4(17 23 89 83)
4(19 25 91 85)
4(24 90 91 25)
4(20 26 92 86)
4(25 91 92 26)
4(21 27 93 87)
4(26 92 93 27)
4(22 28 94 88)
4(27 93 94 28)
4(28 94 95 29)
4(23 29 95 89)
4(25 31 97 91)
4(30 96 97 31)
4(26 32 98 92)
4(31 97 98 32)
4(27 33 99 93)
4(32 98 99 33)
4(28 34 100 94)
4(33 99 100 34)
4(34 100 101 35)
4(29 35 101 95)
4(31 37 103 97)
4(36 102 103 37)
4(32 38 104 98)
4(37 103 104 38)
4(33 39 105 99)
4(38 104 105 39)
4(34 40 106 100)
4(39 105 106 40)
4(40 106 107 41)
4(35 41 107 101)
4(37 43 109 103)
4(42 108 109 43)
4(38 44 110 104)
4(43 109 110 44)
4(39 45 111 105)
4(44 110 111 45)
4(40 46 112 106)
4(45 111 112 46)
4(46 112 113 47)
4(41 47 113 107)
4(43 49 115 109)
4(48 114 115 49)
4(44 50 116 110)
4(49 115 116 50)
4(45 51 117 111)
4(50 116 117 51)
4(46 52 118 112)
4(51 117 118 52)
4(52 118 119 53)
4(47 53 119 113)
4(49 55 121 115)
4(54 120 121 55)
4(50 56 122 116)
4(55 121 122 56)
4(51 57 123 117)
4(56 122 123 57)
4(52 58 124 118)
4(57 123 124 58)
4(58 124 125 59)
4(53 59 125 119)
4(55 61 127 121)
4(56 62 128 122)
4(57 63 129 123)
4(58 64 130 124)
4(59 65 131 125)
4(133 138 203 198)
4(137 202 203 138)
4(134 139 204 199)
4(138 203 204 139)
4(135 140 205 200)
4(139 204 205 140)
4(136 141 206 201)
4(140 205 206 141)
4(141 206 207 142)
4(65 142 207 131)
4(138 144 209 203)
4(143 208 209 144)
4(139 145 210 204)
4(144 209 210 145)
4(140 146 211 205)
4(145 210 211 146)
4(141 147 212 206)
4(146 211 212 147)
4(147 212 213 148)
4(142 148 213 207)
4(144 150 215 209)
4(149 214 215 150)
4(145 151 216 210)
4(150 215 216 151)
4(146 152 217 211)
4(151 216 217 152)
4(147 153 218 212)
4(152 217 218 153)
4(153 218 219 154)
4(148 154 219 213)
4(150 156 221 215)
4(155 220 221 156)
4(151 157 222 216)
4(156 221 222 157)
4(152 158 223 217)
4(157 222 223 158)
4(153 159 224 218)
4(158 223 224 159)
4(159 224 225 160)
4(154 160 225 219)
4(156 162 227 221)
4(161 226 227 162)
4(157 163 228 222)
4(162 227 228 163)
4(158 164 229 223)
4(163 228 229 164)
4(159 165 230 224)
4(164 229 230 165)
4(165 230 231 166)
4(160 166 231 225)
4(162 168 233 227)
4(167 232 233 168)
4(163 169 234 228)
4(168 233 234 169)
4(164 170 235 229)
4(169 234 235 170)
4(165 171 236 230)
4(170 235 236 171)
4(171 236 237 172)
4(166 172 237 231)
4(168 174 239 233)
4(173 238 239 174)
4(169 175 240 234)
4(174 239 240 175)
4(170 176 241 235)
4(175 240 241 176)
4(171 177 242 236)
4(176 241 242 177)
4(177 242 243 178)
4(172 178 243 237)
4(174 180 245 239)
4(179 244 245 180)
4(175 181 246 240)
4(180 245 246 181)
4(176 182 247 241)
4(181 246 247 182)
4(177 183 248 242)
4(182 247 248 183)
4(183 248 249 184)
4(178 184 249 243)
4(180 186 251 245)
4(185 250 251 186)
4(181 187 252 246)
4(186 251 252 187)
4(182 188 253 247)
4(187 252 253 188)
4(183 189 254 248)
4(188 253 254 189)
4(189 254 255 190)
4(184 190 255 249)
4(186 192 257 251)
4(187 193 258 252)
4(188 194 259 253)
4(189 195 260 254)
4(190 196 261 255)
4(262 282 502 482)
4(11 77 502 282)
4(263 283 503 483)
4(282 502 503 283)
4(264 284 504 484)
4(283 503 504 284)
4(265 285 505 485)
4(284 504 505 285)
4(266 286 506 486)
4(285 505 506 286)
4(267 287 507 487)
4(286 506 507 287)
4(268 288 508 488)
4(287 507 508 288)
4(269 289 509 489)
4(288 508 509 289)
4(270 290 510 490)
4(289 509 510 290)
4(271 291 511 491)
4(290 510 511 291)
4(272 292 512 492)
4(291 511 512 292)
4(273 293 513 493)
4(292 512 513 293)
4(274 294 514 494)
4(293 513 514 294)
4(275 295 515 495)
4(294 514 515 295)
4(276 296 516 496)
4(295 515 516 296)
4(277 297 517 497)
4(296 516 517 297)
4(278 298 518 498)
4(297 517 518 298)
4(279 299 519 499)
4(298 518 519 299)
4(280 300 520 500)
4(299 519 520 300)
4(300 520 521 301)
4(282 302 522 502)
4(17 83 522 302)
4(283 303 523 503)
4(302 522 523 303)
4(284 304 524 504)
4(303 523 524 304)
4(285 305 525 505)
4(304 524 525 305)
4(286 306 526 506)
4(305 525 526 306)
4(287 307 527 507)
4(306 526 527 307)
4(288 308 528 508)
4(307 527 528 308)
4(289 309 529 509)
4(308 528 529 309)
4(290 310 530 510)
4(309 529 530 310)
4(291 311 531 511)
4(310 530 531 311)
4(292 312 532 512)
4(311 531 532 312)
4(293 313 533 513)
4(312 532 533 313)
4(294 314 534 514)
4(313 533 534 314)
4(295 315 535 515)
4(314 534 535 315)
4(296 316 536 516)
4(315 535 536 316)
4(297 317 537 517)
4(316 536 537 317)
4(298 318 538 518)
4(317 537 538 318)
4(299 319 539 519)
4(318 538 539 319)
4(300 320 540 520)
4(319 539 540 320)
4(320 540 541 321)
4(302 322 542 522)
4(23 89 542 322)
4(303 323 543 523)
4(322 542 543 323)
4(304 324 544 524)
4(323 543 544 324)
4(305 325 545 525)
4(324 544 545 325)
4(306 326 546 526)
4(325 545 546 326)
4(307 327 547 527)
4(326 546 547 327)
4(308 328 548 528)
4(327 547 548 328)
4(309 329 549 529)
4(328 548 549 329)
4(310 330 550 530)
4(329 549 550 330)
4(311 331 551 531)
4(330 550 551 331)
4(312 332 552 532)
4(331 551 552 332)
4(313 333 553 533)
4(332 552 553 333)
4(314 334 554 534)
4(333 553 554 334)
4(315 335 555 535)
4(334 554 555 335)
4(316 336 556 536)
4(335 555 556 336)
4(317 337 557 537)
4(336 556 557 337)
4(318 338 558 538)
4(337 557 558 338)
4(319 339 559 539)
4(338 558 559 339)
4(320 340 560 540)
4(339 559 560 340)
4(340 560 561 341)
4(322 342 562 542)
4(29 95 562 342)
4(323 343 563 543)
4(342 562 563 343)
4(324 344 564 544)
4(343 563 564 344)
4(325 345 565 545)
4(344 564 565 345)
4(326 346 566 546)
4(345 565 566 346)
4(327 347 567 547)
4(346 566 567 347)
4(328 348 568 548)
4(347 567 568 348)
4(329 349 569 549)
4(348 568 569 349)
4(330 350 570 550)
4(349 569 570 350)
4(331 351 571 551)
4(350 570 571 351)
4(332 352 572 552)
4(351 571 572 352)
4(333 353 573 553)
4(352 572 573 353)
4(334 354 574 554)
4(353 573 574 354)
4(335 355 575 555)
4(354 574 575 355)
4(336 356 576 556)
4(355 575 576 356)
4(337 357 577 557)
4(356 576 577 357)
4(338 358 578 558)
4(357 577 578 358)
4(339 359 579 559)
4(358 578 579 359)
4(340 360 580 560)
4(359 579 580 360)
4(360 580 581 361)
4(342 362 582 562)
4(35 101 582 362)
4(343 363 583 563)
4(362 582 583 363)
4(344 364 584 564)
4(363 583 584 364)
4(345 365 585 565)
4(364 584 585 365)
4(346 366 586 566)
4(365 585 586 366)
4(347 367 587 567)
4(366 586 587 367)
4(348 368 588 568)
4(367 587 588 368)
4(349 369 589 569)
4(368 588 589 369)
4(350 370 590 570)
4(369 589 590 370)
4(351 371 591 571)
4(370 590 591 371)
4(352 372 592 572)
4(371 591 592 372)
4(353 373 593 573)
4(372 592 593 373)
4(354 374 594 574)
4(373 593 594 374)
4(355 375 595 575)
4(374 594 595 375)
4(356 376 596 576)
4(375 595 596 376)
4(357 377 597 577)
4(376 596 597 377)
4(358 378 598 578)
4(377 597 598 378)
4(359 379 599 579)
4(378 598 599 379)
4(360 380 600 580)
4(379 599 600 380)
4(380 600 601 381)
4(362 382 602 582)
4(41 107 602 382)
4(363 383 603 583)
4(382 602 603 383)
4(364 384 604 584)
4(383 603 604 384)
4(365 385 605 585)
4(384 604 605 385)
4(366 386 606 586)
4(385 605 606 386)
4(367 387 607 587)
4(386 606 607 387)
4(368 388 608 588)
4(387 607 608 388)
4(369 389 609 589)
4(388 608 609 389)
4(370 390 610 590)
4(389 609 610 390)
4(371 391 611 591)
4(390 610 611 391)
4(372 392 612 592)
4(391 611 612 392)
4(373 393 613 593)
4(392 612 613 393)
4(374 394 614 594)
4(393 613 614 394)
4(375 395 615 595)
4(394 614 615 395)
4(376 396 616 596)
4(395 615 616 396)
4(377 397 617 597)
4(396 616 617 397)
4(378 398 618 598)
4(397 617 618 398)
4(379 399 619 599)
4(398 618 619 399)
4(380 400 620 600)
4(399 619 620 400)
4(400 620 621 401)
4(382 402 622 602)
4(47 113 622 402)
4(383 403 623 603)
4(402 622 623 403)
4(384 404 624 604)
4(403 623 624 404)
4(385 405 625 605)
4(404 624 625 405)
4(386 406 626 606)
4(405 625 626 406)
4(387 407 627 607)
4(406 626 627 407)
4(388 408 628 608)
4(407 627 628 408)
4(389 409 629 609)
4(408 628 629 409)
4(390 410 630 610)
4(409 629 630 410)
4(391 411 631 611)
4(410 630 631 411)
4(392 412 632 612)
4(411 631 632 412)
4(393 413 633 613)
4(412 632 633 413)
4(394 414 634 614)
4(413 633 634 414)
4(395 415 635 615)
4(414 634 635 415)
4(396 416 636 616)
4(415 635 636 416)
4(397 417 637 617)
4(416 636 637 417)
4(398 418 638 618)
4(417 637 638 418)
4(399 419 639 619)
4(418 638 639 419)
4(400 420 640 620)
4(419 639 640 420)
4(420 640 641 421)
4(402 422 642 622)
4(53 119 642 422)
4(403 423 643 623)
4(422 642 643 423)
4(404 424 644 624)
4(423 643 644 424)
4(405 425 645 625)
4(424 644 645 425)
4(406 426 646 626)
4(425 645 646 426)
4(407 427 647 627)
4(426 646 647 427)
4(408 428 648 628)
4(427 647 648 428)
4(409 429 649 629)
4(428 648 649 429)
4(410 430 650 630)
4(429 649 650 430)
4(411 431 651 631)
4(430 650 651 431)
4(412 432 652 632)
4(431 651 652 432)
4(413 433 653 633)
4(432 652 653 433)
4(414 434 654 634)
4(433 653 654 434)
4(415 435 655 635)
4(434 654 655 435)
4(416 436 656 636)
4(435 655 656 436)
4(417 437 657 637)
4(436 656 657 437)
4(418 438 658 638)
4(437 657 658 438)
4(419 439 659 639)
4(438 658 659 439)
4(420 440 660 640)
4(439 659 660 440)
4(440 660 661 441)
4(422 442 662 642)
4(59 125 662 442)
4(423 443 663 643)
4(442 662 663 443)
4(424 444 664 644)
4(443 663 664 444)
4(425 445 665 645)
4(444 664 665 445)
4(426 446 666 646)
4(445 665 666 446)
4(427 447 667 647)
4(446 666 667 447)
4(428 448 668 648)
4(447 667 668 448)
4(429 449 669 649)
4(448 668 669 449)
4(430 450 670 650)
4(449 669 670 450)
4(431 451 671 651)
4(450 670 671 451)
4(432 452 672 652)
4(451 671 672 452)
4(433 453 673 653)
4(452 672 673 453)
4(434 454 674 654)
4(453 673 674 454)
4(435 455 675 655)
4(454 674 675 455)
4(436 456 676 656)
4(455 675 676 456)
4(437 457 677 657)
4(456 676 677 457)
4(438 458 678 658)
4(457 677 678 458)
4(439 459 679 659)
4(458 678 679 459)
4(440 460 680 660)
4(459 679 680 460)
4(460 680 681 461)
4(442 462 682 662)
4(65 131 682 462)
4(443 463 683 663)
4(462 682 683 463)
4(444 464 684 664)
4(463 683 684 464)
4(445 465 685 665)
4(464 684 685 465)
4(446 466 686 666)
4(465 685 686 466)
4(447 467 687 667)
4(466 686 687 467)
4(448 468 688 668)
4(467 687 688 468)
4(449 469 689 669)
4(468 688 689 469)
4(450 470 690 670)
4(469 689 690 470)
4(451 471 691 671)
4(470 690 691 471)
4(452 472 692 672)
4(471 691 692 472)
4(453 473 693 673)
4(472 692 693 473)
4(454 474 694 674)
4(473 693 694 474)
4(455 475 695 675)
4(474 694 695 475)
4(456 476 696 676)
4(475 695 696 476)
4(457 477 697 677)
4(476 696 697 477)
4(458 478 698 678)
4(477 697 698 478)
4(459 479 699 679)
4(478 698 699 479)
4(460 480 700 680)
4(479 699 700 480)
4(480 700 701 481)
4(462 702 902 682)
4(142 207 902 702)
4(463 703 903 683)
4(702 902 903 703)
4(464 704 904 684)
4(703 903 904 704)
4(465 705 905 685)
4(704 904 905 705)
4(466 706 906 686)
4(705 905 906 706)
4(467 707 907 687)
4(706 906 907 707)
4(468 708 908 688)
4(707 907 908 708)
4(469 709 909 689)
4(708 908 909 709)
4(470 710 910 690)
4(709 909 910 710)
4(471 711 911 691)
4(710 910 911 711)
4(472 712 912 692)
4(711 911 912 712)
4(473 713 913 693)
4(712 912 913 713)
4(474 714 914 694)
4(713 913 914 714)
4(475 715 915 695)
4(714 914 915 715)
4(476 716 916 696)
4(715 915 916 716)
4(477 717 917 697)
4(716 916 917 717)
4(478 718 918 698)
4(717 917 918 718)
4(479 719 919 699)
4(718 918 919 719)
4(480 720 920 700)
4(719 919 920 720)
4(720 920 921 721)
4(702 722 922 902)
4(148 213 922 722)
4(703 723 923 903)
4(722 922 923 723)
4(704 724 924 904)
4(723 923 924 724)
4(705 725 925 905)
4(724 924 925 725)
4(706 726 926 906)
4(725 925 926 726)
4(707 727 927 907)
4(726 926 927 727)
4(708 728 928 908)
4(727 927 928 728)
4(709 729 929 909)
4(728 928 929 729)
4(710 730 930 910)
4(729 929 930 730)
4(711 731 931 911)
4(730 930 931 731)
4(712 732 932 912)
4(731 931 932 732)
4(713 733 933 913)
4(732 932 933 733)
4(714 734 934 914)
4(733 933 934 734)
4(715 735 935 915)
4(734 934 935 735)
4(716 736 936 916)
4(735 935 936 736)
4(717 737 937 917)
4(736 936 937 737)
4(718 738 938 918)
4(737 937 938 738)
4(719 739 939 919)
4(738 938 939 739)
4(720 740 940 920)
4(739 939 940 740)
4(740 940 941 741)
4(722 742 942 922)
4(154 219 942 742)
4(723 743 943 923)
4(742 942 943 743)
4(724 744 944 924)
4(743 943 944 744)
4(725 745 945 925)
4(744 944 945 745)
4(726 746 946 926)
4(745 945 946 746)
4(727 747 947 927)
4(746 946 947 747)
4(728 748 948 928)
4(747 947 948 748)
4(729 749 949 929)
4(748 948 949 749)
4(730 750 950 930)
4(749 949 950 750)
4(731 751 951 931)
4(750 950 951 751)
4(732 752 952 932)
4(751 951 952 752)
4(733 753 953 933)
4(752 952 953 753)
4(734 754 954 934)
4(753 953 954 754)
4(735 755 955 935)
4(754 954 955 755)
4(736 756 956 936)
4(755 955 956 756)
4(737 757 957 937)
4(756 956 957 757)
4(738 758 958 938)
4(757 957 958 758)
4(739 759 959 939)
4(758 958 959 759)
4(740 760 960 940)
4(759 959 960 760)
4(760 960 961 761)
4(742 762 962 942)
4(160 225 962 762)
4(743 763 963 943)
4(762 962 963 763)
4(744 764 964 944)
4(763 963 964 764)
4(745 765 965 945)
4(764 964 965 765)
4(746 766 966 946)
4(765 965 966 766)
4(747 767 967 947)
4(766 966 967 767)
4(748 768 968 948)
4(767 967 968 768)
4(749 769 969 949)
4(768 968 969 769)
4(750 770 970 950)
4(769 969 970 770)
4(751 771 971 951)
4(770 970 971 771)
4(752 772 972 952)
4(771 971 972 772)
4(753 773 973 953)
4(772 972 973 773)
4(754 774 974 954)
4(773 973 974 774)
4(755 775 975 955)
4(774 974 975 775)
4(756 776 976 956)
4(775 975 976 776)
4(757 777 977 957)
4(776 976 977 777)
4(758 778 978 958)
4(777 977 978 778)
4(759 779 979 959)
4(778 978 979 779)
4(760 780 980 960)
4(779 979 980 780)
4(780 980 981 781)
4(762 782 982 962)
4(166 231 982 782)
4(763 783 983 963)
4(782 982 983 783)
4(764 784 984 964)
4(783 983 984 784)
4(765 785 985 965)
4(784 984 985 785)
4(766 786 986 966)
4(785 985 986 786)
4(767 787 987 967)
4(786 986 987 787)
4(768 788 988 968)
4(787 987 988 788)
4(769 789 989 969)
4(788 988 989 789)
4(770 790 990 970)
4(789 989 990 790)
4(771 791 991 971)
4(790 990 991 791)
4(772 792 992 972)
4(791 991 992 792)
4(773 793 993 973)
4(792 992 993 793)
4(774 794 994 974)
4(793 993 994 794)
4(775 795 995 975)
4(794 994 995 795)
4(776 796 996 976)
4(795 995 996 796)
4(777 797 997 977)
4(796 996 997 797)
4(778 798 998 978)
4(797 997 998 798)
4(779 799 999 979)
4(798 998 999 799)
4(780 800 1000 980)
4(799 999 1000 800)
4(800 1000 1001 801)
4(782 802 1002 982)
4(172 237 1002 802)
4(783 803 1003 983)
4(802 1002 1003 803)
4(784 804 1004 984)
4(803 1003 1004 804)
4(785 805 1005 985)
4(804 1004 1005 805)
4(786 806 1006 986)
4(805 1005 1006 806)
4(787 807 1007 987)
4(806 1006 1007 807)
4(788 808 1008 988)
4(807 1007 1008 808)
4(789 809 1009 989)
4(808 1008 1009 809)
4(790 810 1010 990)
4(809 1009 1010 810)
4(791 811 1011 991)
4(810 1010 1011 811)
4(792 812 1012 992)
4(811 1011 1012 812)
4(793 813 1013 993)
4(812 1012 1013 813)
4(794 814 1014 994)
4(813 1013 1014 814)
4(795 815 1015 995)
4(814 1014 1015 815)
4(796 816 1016 996)
4(815 1015 1016 816)
4(797 817 1017 997)
4(816 1016 1017 817)
4(798 818 1018 998)
4(817 1017 1018 818)
4(799 819 1019 999)
4(818 1018 1019 819)
4(800 820 1020 1000)
4(819 1019 1020 820)
4(820 1020 1021 821)
4(802 822 1022 1002)
4(178 243 1022 822)
4(803 823 1023 1003)
4(822 1022 1023 823)
4(804 824 1024 1004)
4(823 1023 1024 824)
4(805 825 1025 1005)
4(824 1024 1025 825)
4(806 826 1026 1006)
4(825 1025 1026 826)
4(807 827 1027 1007)
4(826 1026 1027 827)
4(808 828 1028 1008)
4(827 1027 1028 828)
4(809 829 1029 1009)
4(828 1028 1029 829)
4(810 830 1030 1010)
4(829 1029 1030 830)
4(811 831 1031 1011)
4(830 1030 1031 831)
4(812 832 1032 1012)
4(831 1031 1032 832)
4(813 833 1033 1013)
4(832 1032 1033 833)
4(814 834 1034 1014)
4(833 1033 1034 834)
4(815 835 1035 1015)
4(834 1034 1035 835)
4(816 836 1036 1016)
4(835 1035 1036 836)
4(817 837 1037 1017)
4(836 1036 1037 837)
4(818 838 1038 1018)
4(837 1037 1038 838)
4(819 839 1039 1019)
4(838 1038 1039 839)
4(820 840 1040 1020)
4(839 1039 1040 840)
4(840 1040 1041 841)
4(822 842 1042 1022)
4(184 249 1042 842)
4(823 843 1043 1023)
4(842 1042 1043 843)
4(824 844 1044 1024)
4(843 1043 1044 844)
4(825 845 1045 1025)
4(844 1044 1045 845)
4(826 846 1046 1026)
4(845 1045 1046 846)
4(827 847 1047 1027)
4(846 1046 1047 847)
4(828 848 1048 1028)
4(847 1047 1048 848)
4(829 849 1049 1029)
4(848 1048 1049 849)
4(830 850 1050 1030)
4(849 1049 1050 850)
4(831 851 1051 1031)
4(850 1050 1051 851)
4(832 852 1052 1032)
4(851 1051 1052 852)
4(833 853 1053 1033)
4(852 1052 1053 853)
4(834 854 1054 1034)
4(853 1053 1054 854)
4(835 855 1055 1035)
4(854 1054 1055 855)
4(836 856 1056 1036)
4(855 1055 1056 856)
4(837 857 1057 1037)
4(856 1056 1057 857)
4(838 858 1058 1038)
4(857 1057 1058 858)
4(839 859 1059 1039)
4(858 1058 1059 859)
4(840 860 1060 1040)
4(859 1059 1060 860)
4(860 1060 1061 861)
4(842 862 1062 1042)
4(190 255 1062 862)
4(843 863 1063 1043)
4(862 1062 1063 863)
4(844 864 1064 1044)
4(863 1063 1064 864)
4(845 865 1065 1045)
4(864 1064 1065 865)
4(846 866 1066 1046)
4(865 1065 1066 866)
4(847 867 1067 1047)
4(866 1066 1067 867)
4(848 868 1068 1048)
4(867 1067 1068 868)
4(849 869 1069 1049)
4(868 1068 1069 869)
4(850 870 1070 1050)
4(869 1069 1070 870)
4(851 871 1071 1051)
4(870 1070 1071 871)
4(852 872 1072 1052)
4(871 1071 1072 872)
4(853 873 1073 1053)
4(872 1072 1073 873)
4(854 874 1074 1054)
4(873 1073 1074 874)
4(855 875 1075 1055)
4(874 1074 1075 875)
4(856 876 1076 1056)
4(875 1075 1076 876)
4(857 877 1077 1057)
4(876 1076 1077 877)
4(858 878 1078 1058)
4(877 1077 1078 878)
4(859 879 1079 1059)
4(878 1078 1079 879)
4(860 880 1080 1060)
4(879 1079 1080 880)
4(880 1080 1081 881)
4(862 882 1082 1062)
4(863 883 1083 1063)
4(864 884 1084 1064)
4(865 885 1085 1065)
4(866 886 1086 1066)
4(867 887 1087 1067)
4(868 888 1088 1068)
4(869 889 1089 1069)
4(870 890 1090 1070)
4(871 891 1091 1071)
4(872 892 1092 1072)
4(873 893 1093 1073)
4(874 894 1094 1074)
4(875 895 1095 1075)
4(876 896 1096 1076)
4(877 897 1097 1077)
4(878 898 1098 1078)
4(879 899 1099 1079)
4(880 900 1100 1080)
4(60 126 127 61)
4(61 127 128 62)
4(62 128 129 63)
4(63 129 130 64)
4(64 130 131 65)
4(0 1 67 66)
4(1 2 68 67)
4(2 3 69 68)
4(3 4 70 69)
4(4 5 71 70)
4(5 262 482 71)
4(262 263 483 482)
4(263 264 484 483)
4(264 265 485 484)
4(265 266 486 485)
4(266 267 487 486)
4(267 268 488 487)
4(268 269 489 488)
4(269 270 490 489)
4(270 271 491 490)
4(271 272 492 491)
4(272 273 493 492)
4(273 274 494 493)
4(274 275 495 494)
4(275 276 496 495)
4(276 277 497 496)
4(277 278 498 497)
4(278 279 499 498)
4(279 280 500 499)
4(280 281 501 500)
4(196 261 1082 882)
4(882 1082 1083 883)
4(883 1083 1084 884)
4(884 1084 1085 885)
4(885 1085 1086 886)
4(886 1086 1087 887)
4(887 1087 1088 888)
4(888 1088 1089 889)
4(889 1089 1090 890)
4(890 1090 1091 891)
4(891 1091 1092 892)
4(892 1092 1093 893)
4(893 1093 1094 894)
4(894 1094 1095 895)
4(895 1095 1096 896)
4(896 1096 1097 897)
4(897 1097 1098 898)
4(898 1098 1099 899)
4(899 1099 1100 900)
4(900 1100 1101 901)
4(132 133 198 197)
4(133 134 199 198)
4(134 135 200 199)
4(135 136 201 200)
4(136 65 131 201)
4(191 256 257 192)
4(192 257 258 193)
4(193 258 259 194)
4(194 259 260 195)
4(195 260 261 196)
4(132 197 202 137)
4(137 202 208 143)
4(143 208 214 149)
4(149 214 220 155)
4(155 220 226 161)
4(161 226 232 167)
4(167 232 238 173)
4(173 238 244 179)
4(179 244 250 185)
4(185 250 256 191)
4(0 66 72 6)
4(6 72 78 12)
4(12 78 84 18)
4(18 84 90 24)
4(24 90 96 30)
4(30 96 102 36)
4(36 102 108 42)
4(42 108 114 48)
4(48 114 120 54)
4(54 120 126 60)
4(281 301 521 501)
4(301 321 541 521)
4(321 341 561 541)
4(341 361 581 561)
4(361 381 601 581)
4(381 401 621 601)
4(401 421 641 621)
4(421 441 661 641)
4(441 461 681 661)
4(461 481 701 681)
4(481 721 921 701)
4(721 741 941 921)
4(741 761 961 941)
4(761 781 981 961)
4(781 801 1001 981)
4(801 821 1021 1001)
4(821 841 1041 1021)
4(841 861 1061 1041)
4(861 881 1081 1061)
4(881 901 1101 1081)
4(0 6 7 1)
4(6 12 13 7)
4(12 18 19 13)
4(18 24 25 19)
4(24 30 31 25)
4(30 36 37 31)
4(36 42 43 37)
4(42 48 49 43)
4(48 54 55 49)
4(54 60 61 55)
4(1 7 8 2)
4(7 13 14 8)
4(13 19 20 14)
4(19 25 26 20)
4(25 31 32 26)
4(31 37 38 32)
4(37 43 44 38)
4(43 49 50 44)
4(49 55 56 50)
4(55 61 62 56)
4(2 8 9 3)
4(8 14 15 9)
4(14 20 21 15)
4(20 26 27 21)
4(26 32 33 27)
4(32 38 39 33)
4(38 44 45 39)
4(44 50 51 45)
4(50 56 57 51)
4(56 62 63 57)
4(3 9 10 4)
4(9 15 16 10)
4(15 21 22 16)
4(21 27 28 22)
4(27 33 34 28)
4(33 39 40 34)
4(39 45 46 40)
4(45 51 52 46)
4(51 57 58 52)
4(57 63 64 58)
4(4 10 11 5)
4(10 16 17 11)
4(16 22 23 17)
4(22 28 29 23)
4(28 34 35 29)
4(34 40 41 35)
4(40 46 47 41)
4(46 52 53 47)
4(52 58 59 53)
4(58 64 65 59)
4(132 137 138 133)
4(137 143 144 138)
4(143 149 150 144)
4(149 155 156 150)
4(155 161 162 156)
4(161 167 168 162)
4(167 173 174 168)
4(173 179 180 174)
4(179 185 186 180)
4(185 191 192 186)
4(133 138 139 134)
4(138 144 145 139)
4(144 150 151 145)
4(150 156 157 151)
4(156 162 163 157)
4(162 168 169 163)
4(168 174 175 169)
4(174 180 181 175)
4(180 186 187 181)
4(186 192 193 187)
4(134 139 140 135)
4(139 145 146 140)
4(145 151 152 146)
4(151 157 158 152)
4(157 163 164 158)
4(163 169 170 164)
4(169 175 176 170)
4(175 181 182 176)
4(181 187 188 182)
4(187 193 194 188)
4(135 140 141 136)
4(140 146 147 141)
4(146 152 153 147)
4(152 158 159 153)
4(158 164 165 159)
4(164 170 171 165)
4(170 176 177 171)
4(176 182 183 177)
4(182 188 189 183)
4(188 194 195 189)
4(136 141 142 65)
4(141 147 148 142)
4(147 153 154 148)
4(153 159 160 154)
4(159 165 166 160)
4(165 171 172 166)
4(171 177 178 172)
4(177 183 184 178)
4(183 189 190 184)
4(189 195 196 190)
4(5 11 282 262)
4(11 17 302 282)
4(17 23 322 302)
4(23 29 342 322)
4(29 35 362 342)
4(35 41 382 362)
4(41 47 402 382)
4(47 53 422 402)
4(53 59 442 422)
4(59 65 462 442)
4(262 282 283 263)
4(282 302 303 283)
4(302 322 323 303)
4(322 342 343 323)
4(342 362 363 343)
4(362 382 383 363)
4(382 402 403 383)
4(402 422 423 403)
4(422 442 443 423)
4(442 462 463 443)
4(263 283 284 264)
4(283 303 304 284)
4(303 323 324 304)
4(323 343 344 324)
4(343 363 364 344)
4(363 383 384 364)
4(383 403 404 384)
4(403 423 424 404)
4(423 443 444 424)
4(443 463 464 444)
4(264 284 285 265)
4(284 304 305 285)
4(304 324 325 305)
4(324 344 345 325)
4(344 364 365 345)
4(364 384 385 365)
4(384 404 405 385)
4(404 424 425 405)
4(424 444 445 425)
4(444 464 465 445)
4(265 285 286 266)
4(285 305 306 286)
4(305 325 326 306)
4(325 345 346 326)
4(345 365 366 346)
4(365 385 386 366)
4(385 405 406 386)
4(405 425 426 406)
4(425 445 446 426)
4(445 465 466 446)
4(266 286 287 267)
4(286 306 307 287)
4(306 326 327 307)
4(326 346 347 327)
4(346 366 367 347)
4(366 386 387 367)
4(386 406 407 387)
4(406 426 427 407)
4(426 446 447 427)
4(446 466 467 447)
4(267 287 288 268)
4(287 307 308 288)
4(307 327 328 308)
4(327 347 348 328)
4(347 367 368 348)
4(367 387 388 368)
4(387 407 408 388)
4(407 427 428 408)
4(427 447 448 428)
4(447 467 468 448)
4(268 288 289 269)
4(288 308 309 289)
4(308 328 329 309)
4(328 348 349 329)
4(348 368 369 349)
4(368 388 389 369)
4(388 408 409 389)
4(408 428 429 409)
4(428 448 449 429)
4(448 468 469 449)
4(269 289 290 270)
4(289 309 310 290)
4(309 329 330 310)
4(329 349 350 330)
4(349 369 370 350)
4(369 389 390 370)
4(389 409 410 390)
4(409 429 430 410)
4(429 449 450 430)
4(449 469 470 450)
4(270 290 291 271)
4(290 310 311 291)
4(310 330 331 311)
4(330 350 351 331)
4(350 370 371 351)
4(370 390 391 371)
4(390 410 411 391)
4(410 430 431 411)
4(430 450 451 431)
4(450 470 471 451)
4(271 291 292 272)
4(291 311 312 292)
4(311 331 332 312)
4(331 351 352 332)
4(351 371 372 352)
4(371 391 392 372)
4(391 411 412 392)
4(411 431 432 412)
4(431 451 452 432)
4(451 471 472 452)
4(272 292 293 273)
4(292 312 313 293)
4(312 332 333 313)
4(332 352 353 333)
4(352 372 373 353)
4(372 392 393 373)
4(392 412 413 393)
4(412 432 433 413)
4(432 452 453 433)
4(452 472 473 453)
4(273 293 294 274)
4(293 313 314 294)
4(313 333 334 314)
4(333 353 354 334)
4(353 373 374 354)
4(373 393 394 374)
4(393 413 414 394)
4(413 433 434 414)
4(433 453 454 434)
4(453 473 474 454)
4(274 294 295 275)
4(294 314 315 295)
4(314 334 335 315)
4(334 354 355 335)
4(354 374 375 355)
4(374 394 395 375)
4(394 414 415 395)
4(414 434 435 415)
4(434 454 455 435)
4(454 474 475 455)
4(275 295 296 276)
4(295 315 316 296)
4(315 335 336 316)
4(335 355 356 336)
4(355 375 376 356)
4(375 395 396 376)
4(395 415 416 396)
4(415 435 436 416)
4(435 455 456 436)
4(455 475 476 456)
4(276 296 297 277)
4(296 316 317 297)
4(316 336 337 317)
4(336 356 357 337)
4(356 376 377 357)
4(376 396 397 377)
4(396 416 417 397)
4(416 436 437 417)
4(436 456 457 437)
4(456 476 477 457)
4(277 297 298 278)
4(297 317 318 298)
4(317 337 338 318)
4(337 357 358 338)
4(357 377 378 358)
4(377 397 398 378)
4(397 417 418 398)
4(417 437 438 418)
4(437 457 458 438)
4(457 477 478 458)
4(278 298 299 279)
4(298 318 319 299)
4(318 338 339 319)
4(338 358 359 339)
4(358 378 379 359)
4(378 398 399 379)
4(398 418 419 399)
4(418 438 439 419)
4(438 458 459 439)
4(458 478 479 459)
4(279 299 300 280)
4(299 319 320 300)
4(319 339 340 320)
4(339 359 360 340)
4(359 379 380 360)
4(379 399 400 380)
4(399 419 420 400)
4(419 439 440 420)
4(439 459 460 440)
4(459 479 480 460)
4(280 300 301 281)
4(300 320 321 301)
4(320 340 341 321)
4(340 360 361 341)
4(360 380 381 361)
4(380 400 401 381)
4(400 420 421 401)
4(420 440 441 421)
4(440 460 461 441)
4(460 480 481 461)
4(65 142 702 462)
4(142 148 722 702)
4(148 154 742 722)
4(154 160 762 742)
4(160 166 782 762)
4(166 172 802 782)
4(172 178 822 802)
4(178 184 842 822)
4(184 190 862 842)
4(190 196 882 862)
4(462 702 703 463)
4(702 722 723 703)
4(722 742 743 723)
4(742 762 763 743)
4(762 782 783 763)
4(782 802 803 783)
4(802 822 823 803)
4(822 842 843 823)
4(842 862 863 843)
4(862 882 883 863)
4(463 703 704 464)
4(703 723 724 704)
4(723 743 744 724)
4(743 763 764 744)
4(763 783 784 764)
4(783 803 804 784)
4(803 823 824 804)
4(823 843 844 824)
4(843 863 864 844)
4(863 883 884 864)
4(464 704 705 465)
4(704 724 725 705)
4(724 744 745 725)
4(744 764 765 745)
4(764 784 785 765)
4(784 804 805 785)
4(804 824 825 805)
4(824 844 845 825)
4(844 864 865 845)
4(864 884 885 865)
4(465 705 706 466)
4(705 725 726 706)
4(725 745 746 726)
4(745 765 766 746)
4(765 785 786 766)
4(785 805 806 786)
4(805 825 826 806)
4(825 845 846 826)
4(845 865 866 846)
4(865 885 886 866)
4(466 706 707 467)
4(706 726 727 707)
4(726 746 747 727)
4(746 766 767 747)
4(766 786 787 767)
4(786 806 807 787)
4(806 826 827 807)
4(826 846 847 827)
4(846 866 867 847)
4(866 886 887 867)
4(467 707 708 468)
4(707 727 728 708)
4(727 747 748 728)
4(747 767 768 748)
4(767 787 788 768)
4(787 807 808 788)
4(807 827 828 808)
4(827 847 848 828)
4(847 867 868 848)
4(867 887 888 868)
4(468 708 709 469)
4(708 728 729 709)
4(728 748 749 729)
4(748 768 769 749)
4(768 788 789 769)
4(788 808 809 789)
4(808 828 829 809)
4(828 848 849 829)
4(848 868 869 849)
4(868 888 889 869)
4(469 709 710 470)
4(709 729 730 710)
4(729 749 750 730)
4(749 769 770 750)
4(769 789 790 770)
4(789 809 810 790)
4(809 829 830 810)
4(829 849 850 830)
4(849 869 870 850)
4(869 889 890 870)
4(470 710 711 471)
4(710 730 731 711)
4(730 750 751 731)
4(750 770 771 751)
4(770 790 791 771)
4(790 810 811 791)
4(810 830 831 811)
4(830 850 851 831)
4(850 870 871 851)
4(870 890 891 871)
4(471 711 712 472)
4(711 731 732 712)
4(731 751 752 732)
4(751 771 772 752)
4(771 791 792 772)
4(791 811 812 792)
4(811 831 832 812)
4(831 851 852 832)
4(851 871 872 852)
4(871 891 892 872)
4(472 712 713 473)
4(712 732 733 713)
4(732 752 753 733)
4(752 772 773 753)
4(772 792 793 773)
4(792 812 813 793)
4(812 832 833 813)
4(832 852 853 833)
4(852 872 873 853)
4(872 892 893 873)
4(473 713 714 474)
4(713 733 734 714)
4(733 753 754 734)
4(753 773 774 754)
4(773 793 794 774)
4(793 813 814 794)
4(813 833 834 814)
4(833 853 854 834)
4(853 873 874 854)
4(873 893 894 874)
4(474 714 715 475)
4(714 734 735 715)
4(734 754 755 735)
4(754 774 775 755)
4(774 794 795 775)
4(794 814 815 795)
4(814 834 835 815)
4(834 854 855 835)
4(854 874 875 855)
4(874 894 895 875)
4(475 715 716 476)
4(715 735 736 716)
4(735 755 756 736)
4(755 775 776 756)
4(775 795 796 776)
4(795 815 816 796)
4(815 835 836 816)
4(835 855 856 836)
4(855 875 876 856)
4(875 895 896 876)
4(476 716 717 477)
4(716 736 737 717)
4(736 756 757 737)
4(756 776 777 757)
4(776 796 797 777)
4(796 816 817 797)
4(816 836 837 817)
4(836 856 857 837)
4(856 876 877 857)
4(876 896 897 877)
4(477 717 718 478)
4(717 737 738 718)
4(737 757 758 738)
4(757 777 778 758)
4(777 797 798 778)
4(797 817 818 798)
4(817 837 838 818)
4(837 857 858 838)
4(857 877 878 858)
4(877 897 898 878)
4(478 718 719 479)
4(718 738 739 719)
4(738 758 759 739)
4(758 778 779 759)
4(778 798 799 779)
4(798 818 819 799)
4(818 838 839 819)
4(838 858 859 839)
4(858 878 879 859)
4(878 898 899 879)
4(479 719 720 480)
4(719 739 740 720)
4(739 759 760 740)
4(759 779 780 760)
4(779 799 800 780)
4(799 819 820 800)
4(819 839 840 820)
4(839 859 860 840)
4(859 879 880 860)
4(879 899 900 880)
4(480 720 721 481)
4(720 740 741 721)
4(740 760 761 741)
4(760 780 781 761)
4(780 800 801 781)
4(800 820 821 801)
4(820 840 841 821)
4(840 860 861 841)
4(860 880 881 861)
4(880 900 901 881)
4(66 67 73 72)
4(72 73 79 78)
4(78 79 85 84)
4(84 85 91 90)
4(90 91 97 96)
4(96 97 103 102)
4(102 103 109 108)
4(108 109 115 114)
4(114 115 121 120)
4(120 121 127 126)
4(67 68 74 73)
4(73 74 80 79)
4(79 80 86 85)
4(85 86 92 91)
4(91 92 98 97)
4(97 98 104 103)
4(103 104 110 109)
4(109 110 116 115)
4(115 116 122 121)
4(121 122 128 127)
4(68 69 75 74)
4(74 75 81 80)
4(80 81 87 86)
4(86 87 93 92)
4(92 93 99 98)
4(98 99 105 104)
4(104 105 111 110)
4(110 111 117 116)
4(116 117 123 122)
4(122 123 129 128)
4(69 70 76 75)
4(75 76 82 81)
4(81 82 88 87)
4(87 88 94 93)
4(93 94 100 99)
4(99 100 106 105)
4(105 106 112 111)
4(111 112 118 117)
4(117 118 124 123)
4(123 124 130 129)
4(70 71 77 76)
4(76 77 83 82)
4(82 83 89 88)
4(88 89 95 94)
4(94 95 101 100)
4(100 101 107 106)
4(106 107 113 112)
4(112 113 119 118)
4(118 119 125 124)
4(124 125 131 130)
4(197 198 203 202)
4(202 203 209 208)
4(208 209 215 214)
4(214 215 221 220)
4(220 221 227 226)
4(226 227 233 232)
4(232 233 239 238)
4(238 239 245 244)
4(244 245 251 250)
4(250 251 257 256)
4(198 199 204 203)
4(203 204 210 209)
4(209 210 216 215)
4(215 216 222 221)
4(221 222 228 227)
4(227 228 234 233)
4(233 234 240 239)
4(239 240 246 245)
4(245 246 252 251)
4(251 252 258 257)
4(199 200 205 204)
4(204 205 211 210)
4(210 211 217 216)
4(216 217 223 222)
4(222 223 229 228)
4(228 229 235 234)
4(234 235 241 240)
4(240 241 247 246)
4(246 247 253 252)
4(252 253 259 258)
4(200 201 206 205)
4(205 206 212 211)
4(211 212 218 217)
4(217 218 224 223)
4(223 224 230 229)
4(229 230 236 235)
4(235 236 242 241)
4(241 242 248 247)
4(247 248 254 253)
4(253 254 260 259)
4(201 131 207 206)
4(206 207 213 212)
4(212 213 219 218)
4(218 219 225 224)
4(224 225 231 230)
4(230 231 237 236)
4(236 237 243 242)
4(242 243 249 248)
4(248 249 255 254)
4(254 255 261 260)
4(71 482 502 77)
4(77 502 522 83)
4(83 522 542 89)
4(89 542 562 95)
4(95 562 582 101)
4(101 582 602 107)
4(107 602 622 113)
4(113 622 642 119)
4(119 642 662 125)
4(125 662 682 131)
4(482 483 503 502)
4(502 503 523 522)
4(522 523 543 542)
4(542 543 563 562)
4(562 563 583 582)
4(582 583 603 602)
4(602 603 623 622)
4(622 623 643 642)
4(642 643 663 662)
4(662 663 683 682)
4(483 484 504 503)
4(503 504 524 523)
4(523 524 544 543)
4(543 544 564 563)
4(563 564 584 583)
4(583 584 604 603)
4(603 604 624 623)
4(623 624 644 643)
4(643 644 664 663)
4(663 664 684 683)
4(484 485 505 504)
4(504 505 525 524)
4(524 525 545 544)
4(544 545 565 564)
4(564 565 585 584)
4(584 585 605 604)
4(604 605 625 624)
4(624 625 645 644)
4(644 645 665 664)
4(664 665 685 684)
4(485 486 506 505)
4(505 506 526 525)
4(525 526 546 545)
4(545 546 566 565)
4(565 566 586 585)
4(585 586 606 605)
4(605 606 626 625)
4(625 626 646 645)
4(645 646 666 665)
4(665 666 686 685)
4(486 487 507 506)
4(506 507 527 526)
4(526 527 547 546)
4(546 547 567 566)
4(566 567 587 586)
4(586 587 607 606)
4(606 607 627 626)
4(626 627 647 646)
4(646 647 667 666)
4(666 667 687 686)
4(487 488 508 507)
4(507 508 528 527)
4(527 528 548 547)
4(547 548 568 567)
4(567 568 588 587)
4(587 588 608 607)
4(607 608 628 627)
4(627 628 648 647)
4(647 648 668 667)
4(667 668 688 687)
4(488 489 509 508)
4(508 509 529 528)
4(528 529 549 548)
4(548 549 569 568)
4(568 569 589 588)
4(588 589 609 608)
4(608 609 629 628)
4(628 629 649 648)
4(648 649 669 668)
4(668 669 689 688)
4(489 490 510 509)
4(509 510 530 529)
4(529 530 550 549)
4(549 550 570 569)
4(569 570 590 589)
4(589 590 610 609)
4(609 610 630 629)
4(629 630 650 649)
4(649 650 670 669)
4(669 670 690 689)
4(490 491 511 510)
4(510 511 531 530)
4(530 531 551 550)
4(550 551 571 570)
4(570 571 591 590)
4(590 591 611 610)
4(610 611 631 630)
4(630 631 651 650)
4(650 651 671 670)
4(670 671 691 690)
4(491 492 512 511)
4(511 512 532 531)
4(531 532 552 551)
4(551 552 572 571)
4(571 572 592 591)
4(591 592 612 611)
4(611 612 632 631)
4(631 632 652 651)
4(651 652 672 671)
4(671 672 692 691)
4(492 493 513 512)
4(512 513 533 532)
4(532 533 553 552)
4(552 553 573 572)
4(572 573 593 592)
4(592 593 613 612)
4(612 613 633 632)
4(632 633 653 652)
4(652 653 673 672)
4(672 673 693 692)
4(493 494 514 513)
4(513 514 534 533)
4(533 534 554 553)
4(553 554 574 573)
4(573 574 594 593)
4(593 594 614 613)
4(613 614 634 633)
4(633 634 654 653)
4(653 654 674 673)
4(673 674 694 693)
4(494 495 515 514)
4(514 515 535 534)
4(534 535 555 554)
4(554 555 575 574)
4(574 575 595 594)
4(594 595 615 614)
4(614 615 635 634)
4(634 635 655 654)
4(654 655 675 674)
4(674 675 695 694)
4(495 496 516 515)
4(515 516 536 535)
4(535 536 556 555)
4(555 556 576 575)
4(575 576 596 595)
4(595 596 616 615)
4(615 616 636 635)
4(635 636 656 655)
4(655 656 676 675)
4(675 676 696 695)
4(496 497 517 516)
4(516 517 537 536)
4(536 537 557 556)
4(556 557 577 576)
4(576 577 597 596)
4(596 597 617 616)
4(616 617 637 636)
4(636 637 657 656)
4(656 657 677 676)
4(676 677 697 696)
4(497 498 518 517)
4(517 518 538 537)
4(537 538 558 557)
4(557 558 578 577)
4(577 578 598 597)
4(597 598 618 617)
4(617 618 638 637)
4(637 638 658 657)
4(657 658 678 677)
4(677 678 698 697)
4(498 499 519 518)
4(518 519 539 538)
4(538 539 559 558)
4(558 559 579 578)
4(578 579 599 598)
4(598 599 619 618)
4(618 619 639 638)
4(638 639 659 658)
4(658 659 679 678)
4(678 679 699 698)
4(499 500 520 519)
4(519 520 540 539)
4(539 540 560 559)
4(559 560 580 579)
4(579 580 600 599)
4(599 600 620 619)
4(619 620 640 639)
4(639 640 660 659)
4(659 660 680 679)
4(679 680 700 699)
4(500 501 521 520)
4(520 521 541 540)
4(540 541 561 560)
4(560 561 581 580)
4(580 581 601 600)
4(600 601 621 620)
4(620 621 641 640)
4(640 641 661 660)
4(660 661 681 680)
4(680 681 701 700)
4(131 682 902 207)
4(207 902 922 213)
4(213 922 942 219)
4(219 942 962 225)
4(225 962 982 231)
4(231 982 1002 237)
4(237 1002 1022 243)
4(243 1022 1042 249)
4(249 1042 1062 255)
4(255 1062 1082 261)
4(682 683 903 902)
4(902 903 923 922)
4(922 923 943 942)
4(942 943 963 962)
4(962 963 983 982)
4(982 983 1003 1002)
4(1002 1003 1023 1022)
4(1022 1023 1043 1042)
4(1042 1043 1063 1062)
4(1062 1063 1083 1082)
4(683 684 904 903)
4(903 904 924 923)
4(923 924 944 943)
4(943 944 964 963)
4(963 964 984 983)
4(983 984 1004 1003)
4(1003 1004 1024 1023)
4(1023 1024 1044 1043)
4(1043 1044 1064 1063)
4(1063 1064 1084 1083)
4(684 685 905 904)
4(904 905 925 924)
4(924 925 945 944)
4(944 945 965 964)
4(964 965 985 984)
4(984 985 1005 1004)
4(1004 1005 1025 1024)
4(1024 1025 1045 1044)
4(1044 1045 1065 1064)
4(1064 1065 1085 1084)
4(685 686 906 905)
4(905 906 926 925)
4(925 926 946 945)
4(945 946 966 965)
4(965 966 986 985)
4(985 986 1006 1005)
4(1005 1006 1026 1025)
4(1025 1026 1046 1045)
4(1045 1046 1066 1065)
4(1065 1066 1086 1085)
4(686 687 907 906)
4(906 907 927 926)
4(926 927 947 946)
4(946 947 967 966)
4(966 967 987 986)
4(986 987 1007 1006)
4(1006 1007 1027 1026)
4(1026 1027 1047 1046)
4(1046 1047 1067 1066)
4(1066 1067 1087 1086)
4(687 688 908 907)
4(907 908 928 927)
4(927 928 948 947)
4(947 948 968 967)
4(967 968 988 987)
4(987 988 1008 1007)
4(1007 1008 1028 1027)
4(1027 1028 1048 1047)
4(1047 1048 1068 1067)
4(1067 1068 1088 1087)
4(688 689 909 908)
4(908 909 929 928)
4(928 929 949 948)
4(948 949 969 968)
4(968 969 989 988)
4(988 989 1009 1008)
4(1008 1009 1029 1028)
4(1028 1029 1049 1048)
4(1048 1049 1069 1068)
4(1068 1069 1089 1088)
4(689 690 910 909)
4(909 910 930 929)
4(929 930 950 949)
4(949 950 970 969)
4(969 970 990 989)
4(989 990 1010 1009)
4(1009 1010 1030 1029)
4(1029 1030 1050 1049)
4(1049 1050 1070 1069)
4(1069 1070 1090 1089)
4(690 691 911 910)
4(910 911 931 930)
4(930 931 951 950)
4(950 951 971 970)
4(970 971 991 990)
4(990 991 1011 1010)
4(1010 1011 1031 1030)
4(1030 1031 1051 1050)
4(1050 1051 1071 1070)
4(1070 1071 1091 1090)
4(691 692 912 911)
4(911 912 932 931)
4(931 932 952 951)
4(951 952 972 971)
4(971 972 992 991)
4(991 992 1012 1011)
4(1011 1012 1032 1031)
4(1031 1032 1052 1051)
4(1051 1052 1072 1071)
4(1071 1072 1092 1091)
4(692 693 913 912)
4(912 913 933 932)
4(932 933 953 952)
4(952 953 973 972)
4(972 973 993 992)
4(992 993 1013 1012)
4(1012 1013 1033 1032)
4(1032 1033 1053 1052)
4(1052 1053 1073 1072)
4(1072 1073 1093 1092)
4(693 694 914 913)
4(913 914 934 933)
4(933 934 954 953)
4(953 954 974 973)
4(973 974 994 993)
4(993 994 1014 1013)
4(1013 1014 1034 1033)
4(1033 1034 1054 1053)
4(1053 1054 1074 1073)
4(1073 1074 1094 1093)
4(694 695 915 914)
4(914 915 935 934)
4(934 935 955 954)
4(954 955 975 974)
4(974 975 995 994)
4(994 995 1015 1014)
4(1014 1015 1035 1034)
4(1034 1035 1055 1054)
4(1054 1055 1075 1074)
4(1074 1075 1095 1094)
4(695 696 916 915)
4(915 916 936 935)
4(935 936 956 955)
4(955 956 976 975)
4(975 976 996 995)
4(995 996 1016 1015)
4(1015 1016 1036 1035)
4(1035 1036 1056 1055)
4(1055 1056 1076 1075)
4(1075 1076 1096 1095)
4(696 697 917 916)
4(916 917 937 936)
4(936 937 957 956)
4(956 957 977 976)
4(976 977 997 996)
4(996 997 1017 1016)
4(1016 1017 1037 1036)
4(1036 1037 1057 1056)
4(1056 1057 1077 1076)
4(1076 1077 1097 1096)
4(697 698 918 917)
4(917 918 938 937)
4(937 938 958 957)
4(957 958 978 977)
4(977 978 998 997)
4(997 998 1018 1017)
4(1017 1018 1038 1037)
4(1037 1038 1058 1057)
4(1057 1058 1078 1077)
4(1077 1078 1098 1097)
4(698 699 919 918)
4(918 919 939 938)
4(938 939 959 958)
4(958 959 979 978)
4(978 979 999 998)
4(998 999 1019 1018)
4(1018 1019 1039 1038)
4(1038 1039 1059 1058)
4(1058 1059 1079 1078)
4(1078 1079 1099 1098)
4(699 700 920 919)
4(919 920 940 939)
4(939 940 960 959)
4(959 960 980 979)
4(979 980 1000 999)
4(999 1000 1020 1019)
4(1019 1020 1040 1039)
4(1039 1040 1060 1059)
4(1059 1060 1080 1079)
4(1079 1080 1100 1099)
4(700 701 921 920)
4(920 921 941 940)
4(940 941 961 960)
4(960 961 981 980)
4(980 981 1001 1000)
4(1000 1001 1021 1020)
4(1020 1021 1041 1040)
4(1040 1041 1061 1060)
4(1060 1061 1081 1080)
4(1080 1081 1101 1100)
)


// ************************************************************************* //
