/*--------------------------------*- C++ -*----------------------------------*\
| =========                 |                                                 |
| \\      /  F ield         | OpenFOAM: The Open Source CFD Toolbox           |
|  \\    /   O peration     | Version:  4.x                                   |
|   \\  /    A nd           | Web:      www.OpenFOAM.org                      |
|    \\/     M anipulation  |                                                 |
\*---------------------------------------------------------------------------*/
FoamFile
{
    version     2.0;
    format      ascii;
    class       vectorField;
    location    "constant/polyMesh";
    object      points;
}
// * * * * * * * * * * * * * * * * * * * * * * * * * * * * * * * * * * * * * //


1102
(
(-0.04932845 -0.02630028 -0.025)
(-0.03946276 -0.026040224 -0.025)
(-0.02959707 -0.025780168 -0.025)
(-0.01973138 -0.025520112 -0.025)
(-0.00986569 -0.025260056 -0.025)
(0 -0.025 -0.025)
(-0.0494102525 -0.02317635125 -0.025)
(-0.039528202 -0.022916081 -0.025)
(-0.0296461515 -0.02265581075 -0.025)
(-0.019764101 -0.0223955405 -0.025)
(-0.0098820505 -0.02213527025 -0.025)
(0 -0.021875 -0.025)
(-0.049492055 -0.0200524225 -0.025)
(-0.039593644 -0.019791938 -0.025)
(-0.029695233 -0.0195314535 -0.025)
(-0.019796822 -0.019270969 -0.025)
(-0.009898411 -0.0190104845 -0.025)
(0 -0.01875 -0.025)
(-0.0495738575 -0.01692849375 -0.025)
(-0.039659086 -0.016667795 -0.025)
(-0.0297443145 -0.01640709625 -0.025)
(-0.019829543 -0.0161463975 -0.025)
(-0.0099147715 -0.01588569875 -0.025)
(0 -0.015625 -0.025)
(-0.04965566 -0.013804565 -0.025)
(-0.039724528 -0.013543652 -0.025)
(-0.029793396 -0.013282739 -0.025)
(-0.019862264 -0.013021826 -0.025)
(-0.009931132 -0.012760913 -0.025)
(0 -0.0125 -0.025)
(-0.0497374625 -0.01068063625 -0.025)
(-0.03978997 -0.010419509 -0.025)
(-0.0298424775 -0.01015838175 -0.025)
(-0.019894985 -0.0098972545 -0.025)
(-0.0099474925 -0.00963612725 -0.025)
(0 -0.009375 -0.025)
(-0.049819265 -0.0075567075 -0.025)
(-0.039855412 -0.007295366 -0.025)
(-0.029891559 -0.0070340245 -0.025)
(-0.019927706 -0.006772683 -0.025)
(-0.009963853 -0.0065113415 -0.025)
(0 -0.00625 -0.025)
(-0.04991119846 -0.004045890889 -0.025)
(-0.03992895877 -0.003784308605 -0.025)
(-0.02994671908 -0.003522726321 -0.025)
(-0.01996447938 -0.003261144036 -0.025)
(-0.009982239692 -0.002999561752 -0.025)
(0 -0.002737979468 -0.025)
(-0.04995387019 -0.002416314171 -0.025)
(-0.03996309615 -0.002154620125 -0.025)
(-0.02997232211 -0.001892926078 -0.025)
(-0.01998154808 -0.001631232032 -0.025)
(-0.009990774038 -0.001369537986 -0.025)
(0 -0.00110784394 -0.025)
(-0.04997367665 -0.001659931661 -0.025)
(-0.03997894132 -0.00139818574 -0.025)
(-0.02998420599 -0.001136439818 -0.025)
(-0.01998947066 -0.0008746938964 -0.025)
(-0.009994735331 -0.0006129479748 -0.025)
(0 -0.0003512020532 -0.025)
(-0.04998287 -0.00130885 -0.025)
(-0.039986296 -0.00104708 -0.025)
(-0.029989722 -0.00078531 -0.025)
(-0.019993148 -0.00052354 -0.025)
(-0.009996574 -0.00026177 -0.025)
(0 0 -0.025)
(-0.04932845 -0.02630028 0)
(-0.03946276 -0.026040224 0)
(-0.02959707 -0.025780168 0)
(-0.01973138 -0.025520112 0)
(-0.00986569 -0.025260056 0)
(0 -0.025 0)
(-0.0494102525 -0.02317635125 0)
(-0.039528202 -0.022916081 0)
(-0.0296461515 -0.02265581075 0)
(-0.019764101 -0.0223955405 0)
(-0.0098820505 -0.02213527025 0)
(0 -0.021875 0)
(-0.049492055 -0.0200524225 0)
(-0.039593644 -0.019791938 0)
(-0.029695233 -0.0195314535 0)
(-0.019796822 -0.019270969 0)
(-0.009898411 -0.0190104845 0)
(0 -0.01875 0)
(-0.0495738575 -0.01692849375 0)
(-0.039659086 -0.016667795 0)
(-0.0297443145 -0.01640709625 0)
(-0.019829543 -0.0161463975 0)
(-0.0099147715 -0.01588569875 0)
(0 -0.015625 0)
(-0.04965566 -0.013804565 0)
(-0.039724528 -0.013543652 0)
(-0.029793396 -0.013282739 0)
(-0.019862264 -0.013021826 0)
(-0.009931132 -0.012760913 0)
(0 -0.0125 0)
(-0.0497374625 -0.01068063625 0)
(-0.03978997 -0.010419509 0)
(-0.0298424775 -0.01015838175 0)
(-0.019894985 -0.0098972545 0)
(-0.0099474925 -0.00963612725 0)
(0 -0.009375 0)
(-0.049819265 -0.0075567075 0)
(-0.039855412 -0.007295366 0)
(-0.029891559 -0.0070340245 0)
(-0.019927706 -0.006772683 0)
(-0.009963853 -0.0065113415 0)
(0 -0.00625 0)
(-0.04991119846 -0.004045890889 0)
(-0.03992895877 -0.003784308605 0)
(-0.02994671908 -0.003522726321 0)
(-0.01996447938 -0.003261144036 0)
(-0.009982239692 -0.002999561752 0)
(0 -0.002737979468 0)
(-0.04995387019 -0.002416314171 0)
(-0.03996309615 -0.002154620125 0)
(-0.02997232211 -0.001892926078 0)
(-0.01998154808 -0.001631232032 0)
(-0.009990774038 -0.001369537986 0)
(0 -0.00110784394 0)
(-0.04997367665 -0.001659931661 0)
(-0.03997894132 -0.00139818574 0)
(-0.02998420599 -0.001136439818 0)
(-0.01998947066 -0.0008746938964 0)
(-0.009994735331 -0.0006129479748 0)
(0 -0.0003512020532 0)
(-0.04998287 -0.00130885 0)
(-0.039986296 -0.00104708 0)
(-0.029989722 -0.00078531 0)
(-0.019993148 -0.00052354 0)
(-0.009996574 -0.00026177 0)
(0 0 0)
(-0.04998287 0.00130885 -0.025)
(-0.039986296 0.00104708 -0.025)
(-0.029989722 0.00078531 -0.025)
(-0.019993148 0.00052354 -0.025)
(-0.009996574 0.00026177 -0.025)
(-0.04997367665 0.001659931661 -0.025)
(-0.03997894132 0.00139818574 -0.025)
(-0.02998420599 0.001136439818 -0.025)
(-0.01998947066 0.0008746938964 -0.025)
(-0.009994735331 0.0006129479748 -0.025)
(0 0.0003512020532 -0.025)
(-0.04995387019 0.002416314171 -0.025)
(-0.03996309615 0.002154620125 -0.025)
(-0.02997232211 0.001892926078 -0.025)
(-0.01998154808 0.001631232032 -0.025)
(-0.009990774038 0.001369537986 -0.025)
(0 0.00110784394 -0.025)
(-0.04991119846 0.004045890889 -0.025)
(-0.03992895877 0.003784308605 -0.025)
(-0.02994671908 0.003522726321 -0.025)
(-0.01996447938 0.003261144036 -0.025)
(-0.009982239692 0.002999561752 -0.025)
(0 0.002737979468 -0.025)
(-0.049819265 0.0075567075 -0.025)
(-0.039855412 0.007295366 -0.025)
(-0.029891559 0.0070340245 -0.025)
(-0.019927706 0.006772683 -0.025)
(-0.009963853 0.0065113415 -0.025)
(0 0.00625 -0.025)
(-0.0497374625 0.01068063625 -0.025)
(-0.03978997 0.010419509 -0.025)
(-0.0298424775 0.01015838175 -0.025)
(-0.019894985 0.0098972545 -0.025)
(-0.0099474925 0.00963612725 -0.025)
(0 0.009375 -0.025)
(-0.04965566 0.013804565 -0.025)
(-0.039724528 0.013543652 -0.025)
(-0.029793396 0.013282739 -0.025)
(-0.019862264 0.013021826 -0.025)
(-0.009931132 0.012760913 -0.025)
(0 0.0125 -0.025)
(-0.0495738575 0.01692849375 -0.025)
(-0.039659086 0.016667795 -0.025)
(-0.0297443145 0.01640709625 -0.025)
(-0.019829543 0.0161463975 -0.025)
(-0.0099147715 0.01588569875 -0.025)
(0 0.015625 -0.025)
(-0.049492055 0.0200524225 -0.025)
(-0.039593644 0.019791938 -0.025)
(-0.029695233 0.0195314535 -0.025)
(-0.019796822 0.019270969 -0.025)
(-0.009898411 0.0190104845 -0.025)
(0 0.01875 -0.025)
(-0.0494102525 0.02317635125 -0.025)
(-0.039528202 0.022916081 -0.025)
(-0.0296461515 0.02265581075 -0.025)
(-0.019764101 0.0223955405 -0.025)
(-0.0098820505 0.02213527025 -0.025)
(0 0.021875 -0.025)
(-0.04932845 0.02630028 -0.025)
(-0.03946276 0.026040224 -0.025)
(-0.02959707 0.025780168 -0.025)
(-0.01973138 0.025520112 -0.025)
(-0.00986569 0.025260056 -0.025)
(0 0.025 -0.025)
(-0.04998287 0.00130885 0)
(-0.039986296 0.00104708 0)
(-0.029989722 0.00078531 0)
(-0.019993148 0.00052354 0)
(-0.009996574 0.00026177 0)
(-0.04997367665 0.001659931661 0)
(-0.03997894132 0.00139818574 0)
(-0.02998420599 0.001136439818 0)
(-0.01998947066 0.0008746938964 0)
(-0.009994735331 0.0006129479748 0)
(0 0.0003512020532 0)
(-0.04995387019 0.002416314171 0)
(-0.03996309615 0.002154620125 0)
(-0.02997232211 0.001892926078 0)
(-0.01998154808 0.001631232032 0)
(-0.009990774038 0.001369537986 0)
(0 0.00110784394 0)
(-0.04991119846 0.004045890889 0)
(-0.03992895877 0.003784308605 0)
(-0.02994671908 0.003522726321 0)
(-0.01996447938 0.003261144036 0)
(-0.009982239692 0.002999561752 0)
(0 0.002737979468 0)
(-0.049819265 0.0075567075 0)
(-0.039855412 0.007295366 0)
(-0.029891559 0.0070340245 0)
(-0.019927706 0.006772683 0)
(-0.009963853 0.0065113415 0)
(0 0.00625 0)
(-0.0497374625 0.01068063625 0)
(-0.03978997 0.010419509 0)
(-0.0298424775 0.01015838175 0)
(-0.019894985 0.0098972545 0)
(-0.0099474925 0.00963612725 0)
(0 0.009375 0)
(-0.04965566 0.013804565 0)
(-0.039724528 0.013543652 0)
(-0.029793396 0.013282739 0)
(-0.019862264 0.013021826 0)
(-0.009931132 0.012760913 0)
(0 0.0125 0)
(-0.0495738575 0.01692849375 0)
(-0.039659086 0.016667795 0)
(-0.0297443145 0.01640709625 0)
(-0.019829543 0.0161463975 0)
(-0.0099147715 0.01588569875 0)
(0 0.015625 0)
(-0.049492055 0.0200524225 0)
(-0.039593644 0.019791938 0)
(-0.029695233 0.0195314535 0)
(-0.019796822 0.019270969 0)
(-0.009898411 0.0190104845 0)
(0 0.01875 0)
(-0.0494102525 0.02317635125 0)
(-0.039528202 0.022916081 0)
(-0.0296461515 0.02265581075 0)
(-0.019764101 0.0223955405 0)
(-0.0098820505 0.02213527025 0)
(0 0.021875 0)
(-0.04932845 0.02630028 0)
(-0.03946276 0.026040224 0)
(-0.02959707 0.025780168 0)
(-0.01973138 0.025520112 0)
(-0.00986569 0.025260056 0)
(0 0.025 0)
(0.00497146364 -0.025 -0.025)
(0.01083166905 -0.025 -0.025)
(0.01773949538 -0.025 -0.025)
(0.02588222439 -0.025 -0.025)
(0.03548061795 -0.025 -0.025)
(0.04679490322 -0.025 -0.025)
(0.06013182782 -0.025 -0.025)
(0.07585297623 -0.025 -0.025)
(0.09438457287 -0.025 -0.025)
(0.1162290377 -0.025 -0.025)
(0.1419786078 -0.025 -0.025)
(0.1723313933 -0.025 -0.025)
(0.2081103049 -0.025 -0.025)
(0.2502853636 -0.025 -0.025)
(0.3 -0.025 -0.025)
(0.36 -0.025 -0.025)
(0.42 -0.025 -0.025)
(0.48 -0.025 -0.025)
(0.54 -0.025 -0.025)
(0.6 -0.025 -0.025)
(0.00497146364 -0.021875 -0.025)
(0.01083166905 -0.021875 -0.025)
(0.01773949538 -0.021875 -0.025)
(0.02588222439 -0.021875 -0.025)
(0.03548061795 -0.021875 -0.025)
(0.04679490322 -0.021875 -0.025)
(0.06013182782 -0.021875 -0.025)
(0.07585297623 -0.021875 -0.025)
(0.09438457287 -0.021875 -0.025)
(0.1162290377 -0.021875 -0.025)
(0.1419786078 -0.021875 -0.025)
(0.1723313933 -0.021875 -0.025)
(0.2081103049 -0.021875 -0.025)
(0.2502853636 -0.021875 -0.025)
(0.3 -0.021875 -0.025)
(0.36 -0.021875 -0.025)
(0.42 -0.021875 -0.025)
(0.48 -0.021875 -0.025)
(0.54 -0.021875 -0.025)
(0.6 -0.021875 -0.025)
(0.00497146364 -0.01875 -0.025)
(0.01083166905 -0.01875 -0.025)
(0.01773949538 -0.01875 -0.025)
(0.02588222439 -0.01875 -0.025)
(0.03548061795 -0.01875 -0.025)
(0.04679490322 -0.01875 -0.025)
(0.06013182782 -0.01875 -0.025)
(0.07585297623 -0.01875 -0.025)
(0.09438457287 -0.01875 -0.025)
(0.1162290377 -0.01875 -0.025)
(0.1419786078 -0.01875 -0.025)
(0.1723313933 -0.01875 -0.025)
(0.2081103049 -0.01875 -0.025)
(0.2502853636 -0.01875 -0.025)
(0.3 -0.01875 -0.025)
(0.36 -0.01875 -0.025)
(0.42 -0.01875 -0.025)
(0.48 -0.01875 -0.025)
(0.54 -0.01875 -0.025)
(0.6 -0.01875 -0.025)
(0.00497146364 -0.015625 -0.025)
(0.01083166905 -0.015625 -0.025)
(0.01773949538 -0.015625 -0.025)
(0.02588222439 -0.015625 -0.025)
(0.03548061795 -0.015625 -0.025)
(0.04679490322 -0.015625 -0.025)
(0.06013182782 -0.015625 -0.025)
(0.07585297623 -0.015625 -0.025)
(0.09438457287 -0.015625 -0.025)
(0.1162290377 -0.015625 -0.025)
(0.1419786078 -0.015625 -0.025)
(0.1723313933 -0.015625 -0.025)
(0.2081103049 -0.015625 -0.025)
(0.2502853636 -0.015625 -0.025)
(0.3 -0.015625 -0.025)
(0.36 -0.015625 -0.025)
(0.42 -0.015625 -0.025)
(0.48 -0.015625 -0.025)
(0.54 -0.015625 -0.025)
(0.6 -0.015625 -0.025)
(0.00497146364 -0.0125 -0.025)
(0.01083166905 -0.0125 -0.025)
(0.01773949538 -0.0125 -0.025)
(0.02588222439 -0.0125 -0.025)
(0.03548061795 -0.0125 -0.025)
(0.04679490322 -0.0125 -0.025)
(0.06013182782 -0.0125 -0.025)
(0.07585297623 -0.0125 -0.025)
(0.09438457287 -0.0125 -0.025)
(0.1162290377 -0.0125 -0.025)
(0.1419786078 -0.0125 -0.025)
(0.1723313933 -0.0125 -0.025)
(0.2081103049 -0.0125 -0.025)
(0.2502853636 -0.0125 -0.025)
(0.3 -0.0125 -0.025)
(0.36 -0.0125 -0.025)
(0.42 -0.0125 -0.025)
(0.48 -0.0125 -0.025)
(0.54 -0.0125 -0.025)
(0.6 -0.0125 -0.025)
(0.00497146364 -0.009375 -0.025)
(0.01083166905 -0.009375 -0.025)
(0.01773949538 -0.009375 -0.025)
(0.02588222439 -0.009375 -0.025)
(0.03548061795 -0.009375 -0.025)
(0.04679490322 -0.009375 -0.025)
(0.06013182782 -0.009375 -0.025)
(0.07585297623 -0.009375 -0.025)
(0.09438457287 -0.009375 -0.025)
(0.1162290377 -0.009375 -0.025)
(0.1419786078 -0.009375 -0.025)
(0.1723313933 -0.009375 -0.025)
(0.2081103049 -0.009375 -0.025)
(0.2502853636 -0.009375 -0.025)
(0.3 -0.009375 -0.025)
(0.36 -0.009375 -0.025)
(0.42 -0.009375 -0.025)
(0.48 -0.009375 -0.025)
(0.54 -0.009375 -0.025)
(0.6 -0.009375 -0.025)
(0.00497146364 -0.00625 -0.025)
(0.01083166905 -0.00625 -0.025)
(0.01773949538 -0.00625 -0.025)
(0.02588222439 -0.00625 -0.025)
(0.03548061795 -0.00625 -0.025)
(0.04679490322 -0.00625 -0.025)
(0.06013182782 -0.00625 -0.025)
(0.07585297623 -0.00625 -0.025)
(0.09438457287 -0.00625 -0.025)
(0.1162290377 -0.00625 -0.025)
(0.1419786078 -0.00625 -0.025)
(0.1723313933 -0.00625 -0.025)
(0.2081103049 -0.00625 -0.025)
(0.2502853636 -0.00625 -0.025)
(0.3 -0.00625 -0.025)
(0.36 -0.00625 -0.025)
(0.42 -0.00625 -0.025)
(0.48 -0.00625 -0.025)
(0.54 -0.00625 -0.025)
(0.6 -0.00625 -0.025)
(0.00497146364 -0.002737979468 -0.025)
(0.01083166905 -0.002737979468 -0.025)
(0.01773949538 -0.002737979468 -0.025)
(0.02588222439 -0.002737979468 -0.025)
(0.03548061795 -0.002737979468 -0.025)
(0.04679490322 -0.002737979468 -0.025)
(0.06013182782 -0.002737979468 -0.025)
(0.07585297623 -0.002737979468 -0.025)
(0.09438457287 -0.002737979468 -0.025)
(0.1162290377 -0.002737979468 -0.025)
(0.1419786078 -0.002737979468 -0.025)
(0.1723313933 -0.002737979468 -0.025)
(0.2081103049 -0.002737979468 -0.025)
(0.2502853636 -0.002737979468 -0.025)
(0.3 -0.002737979468 -0.025)
(0.36 -0.002737979468 -0.025)
(0.42 -0.002737979468 -0.025)
(0.48 -0.002737979468 -0.025)
(0.54 -0.002737979468 -0.025)
(0.6 -0.002737979468 -0.025)
(0.00497146364 -0.00110784394 -0.025)
(0.01083166905 -0.00110784394 -0.025)
(0.01773949538 -0.00110784394 -0.025)
(0.02588222439 -0.00110784394 -0.025)
(0.03548061795 -0.00110784394 -0.025)
(0.04679490322 -0.00110784394 -0.025)
(0.06013182782 -0.00110784394 -0.025)
(0.07585297623 -0.00110784394 -0.025)
(0.09438457287 -0.00110784394 -0.025)
(0.1162290377 -0.00110784394 -0.025)
(0.1419786078 -0.00110784394 -0.025)
(0.1723313933 -0.00110784394 -0.025)
(0.2081103049 -0.00110784394 -0.025)
(0.2502853636 -0.00110784394 -0.025)
(0.3 -0.00110784394 -0.025)
(0.36 -0.00110784394 -0.025)
(0.42 -0.00110784394 -0.025)
(0.48 -0.00110784394 -0.025)
(0.54 -0.00110784394 -0.025)
(0.6 -0.00110784394 -0.025)
(0.00497146364 -0.0003512020532 -0.025)
(0.01083166905 -0.0003512020532 -0.025)
(0.01773949538 -0.0003512020532 -0.025)
(0.02588222439 -0.0003512020532 -0.025)
(0.03548061795 -0.0003512020532 -0.025)
(0.04679490322 -0.0003512020532 -0.025)
(0.06013182782 -0.0003512020532 -0.025)
(0.07585297623 -0.0003512020532 -0.025)
(0.09438457287 -0.0003512020532 -0.025)
(0.1162290377 -0.0003512020532 -0.025)
(0.1419786078 -0.0003512020532 -0.025)
(0.1723313933 -0.0003512020532 -0.025)
(0.2081103049 -0.0003512020532 -0.025)
(0.2502853636 -0.0003512020532 -0.025)
(0.3 -0.0003512020532 -0.025)
(0.36 -0.0003512020532 -0.025)
(0.42 -0.0003512020532 -0.025)
(0.48 -0.0003512020532 -0.025)
(0.54 -0.0003512020532 -0.025)
(0.6 -0.0003512020532 -0.025)
(0.00497146364 0 -0.025)
(0.01083166905 0 -0.025)
(0.01773949538 0 -0.025)
(0.02588222439 0 -0.025)
(0.03548061795 0 -0.025)
(0.04679490322 0 -0.025)
(0.06013182782 0 -0.025)
(0.07585297623 0 -0.025)
(0.09438457287 0 -0.025)
(0.1162290377 0 -0.025)
(0.1419786078 0 -0.025)
(0.1723313933 0 -0.025)
(0.2081103049 0 -0.025)
(0.2502853636 0 -0.025)
(0.3 0 -0.025)
(0.36 0 -0.025)
(0.42 0 -0.025)
(0.48 0 -0.025)
(0.54 0 -0.025)
(0.6 0 -0.025)
(0.00497146364 -0.025 0)
(0.01083166905 -0.025 0)
(0.01773949538 -0.025 0)
(0.02588222439 -0.025 0)
(0.03548061795 -0.025 0)
(0.04679490322 -0.025 0)
(0.06013182782 -0.025 0)
(0.07585297623 -0.025 0)
(0.09438457287 -0.025 0)
(0.1162290377 -0.025 0)
(0.1419786078 -0.025 0)
(0.1723313933 -0.025 0)
(0.2081103049 -0.025 0)
(0.2502853636 -0.025 0)
(0.3 -0.025 0)
(0.36 -0.025 0)
(0.42 -0.025 0)
(0.48 -0.025 0)
(0.54 -0.025 0)
(0.6 -0.025 0)
(0.00497146364 -0.021875 0)
(0.01083166905 -0.021875 0)
(0.01773949538 -0.021875 0)
(0.02588222439 -0.021875 0)
(0.03548061795 -0.021875 0)
(0.04679490322 -0.021875 0)
(0.06013182782 -0.021875 0)
(0.07585297623 -0.021875 0)
(0.09438457287 -0.021875 0)
(0.1162290377 -0.021875 0)
(0.1419786078 -0.021875 0)
(0.1723313933 -0.021875 0)
(0.2081103049 -0.021875 0)
(0.2502853636 -0.021875 0)
(0.3 -0.021875 0)
(0.36 -0.021875 0)
(0.42 -0.021875 0)
(0.48 -0.021875 0)
(0.54 -0.021875 0)
(0.6 -0.021875 0)
(0.00497146364 -0.01875 0)
(0.01083166905 -0.01875 0)
(0.01773949538 -0.01875 0)
(0.02588222439 -0.01875 0)
(0.03548061795 -0.01875 0)
(0.04679490322 -0.01875 0)
(0.06013182782 -0.01875 0)
(0.07585297623 -0.01875 0)
(0.09438457287 -0.01875 0)
(0.1162290377 -0.01875 0)
(0.1419786078 -0.01875 0)
(0.1723313933 -0.01875 0)
(0.2081103049 -0.01875 0)
(0.2502853636 -0.01875 0)
(0.3 -0.01875 0)
(0.36 -0.01875 0)
(0.42 -0.01875 0)
(0.48 -0.01875 0)
(0.54 -0.01875 0)
(0.6 -0.01875 0)
(0.00497146364 -0.015625 0)
(0.01083166905 -0.015625 0)
(0.01773949538 -0.015625 0)
(0.02588222439 -0.015625 0)
(0.03548061795 -0.015625 0)
(0.04679490322 -0.015625 0)
(0.06013182782 -0.015625 0)
(0.07585297623 -0.015625 0)
(0.09438457287 -0.015625 0)
(0.1162290377 -0.015625 0)
(0.1419786078 -0.015625 0)
(0.1723313933 -0.015625 0)
(0.2081103049 -0.015625 0)
(0.2502853636 -0.015625 0)
(0.3 -0.015625 0)
(0.36 -0.015625 0)
(0.42 -0.015625 0)
(0.48 -0.015625 0)
(0.54 -0.015625 0)
(0.6 -0.015625 0)
(0.00497146364 -0.0125 0)
(0.01083166905 -0.0125 0)
(0.01773949538 -0.0125 0)
(0.02588222439 -0.0125 0)
(0.03548061795 -0.0125 0)
(0.04679490322 -0.0125 0)
(0.06013182782 -0.0125 0)
(0.07585297623 -0.0125 0)
(0.09438457287 -0.0125 0)
(0.1162290377 -0.0125 0)
(0.1419786078 -0.0125 0)
(0.1723313933 -0.0125 0)
(0.2081103049 -0.0125 0)
(0.2502853636 -0.0125 0)
(0.3 -0.0125 0)
(0.36 -0.0125 0)
(0.42 -0.0125 0)
(0.48 -0.0125 0)
(0.54 -0.0125 0)
(0.6 -0.0125 0)
(0.00497146364 -0.009375 0)
(0.01083166905 -0.009375 0)
(0.01773949538 -0.009375 0)
(0.02588222439 -0.009375 0)
(0.03548061795 -0.009375 0)
(0.04679490322 -0.009375 0)
(0.06013182782 -0.009375 0)
(0.07585297623 -0.009375 0)
(0.09438457287 -0.009375 0)
(0.1162290377 -0.009375 0)
(0.1419786078 -0.009375 0)
(0.1723313933 -0.009375 0)
(0.2081103049 -0.009375 0)
(0.2502853636 -0.009375 0)
(0.3 -0.009375 0)
(0.36 -0.009375 0)
(0.42 -0.009375 0)
(0.48 -0.009375 0)
(0.54 -0.009375 0)
(0.6 -0.009375 0)
(0.00497146364 -0.00625 0)
(0.01083166905 -0.00625 0)
(0.01773949538 -0.00625 0)
(0.02588222439 -0.00625 0)
(0.03548061795 -0.00625 0)
(0.04679490322 -0.00625 0)
(0.06013182782 -0.00625 0)
(0.07585297623 -0.00625 0)
(0.09438457287 -0.00625 0)
(0.1162290377 -0.00625 0)
(0.1419786078 -0.00625 0)
(0.1723313933 -0.00625 0)
(0.2081103049 -0.00625 0)
(0.2502853636 -0.00625 0)
(0.3 -0.00625 0)
(0.36 -0.00625 0)
(0.42 -0.00625 0)
(0.48 -0.00625 0)
(0.54 -0.00625 0)
(0.6 -0.00625 0)
(0.00497146364 -0.002737979468 0)
(0.01083166905 -0.002737979468 0)
(0.01773949538 -0.002737979468 0)
(0.02588222439 -0.002737979468 0)
(0.03548061795 -0.002737979468 0)
(0.04679490322 -0.002737979468 0)
(0.06013182782 -0.002737979468 0)
(0.07585297623 -0.002737979468 0)
(0.09438457287 -0.002737979468 0)
(0.1162290377 -0.002737979468 0)
(0.1419786078 -0.002737979468 0)
(0.1723313933 -0.002737979468 0)
(0.2081103049 -0.002737979468 0)
(0.2502853636 -0.002737979468 0)
(0.3 -0.002737979468 0)
(0.36 -0.002737979468 0)
(0.42 -0.002737979468 0)
(0.48 -0.002737979468 0)
(0.54 -0.002737979468 0)
(0.6 -0.002737979468 0)
(0.00497146364 -0.00110784394 0)
(0.01083166905 -0.00110784394 0)
(0.01773949538 -0.00110784394 0)
(0.02588222439 -0.00110784394 0)
(0.03548061795 -0.00110784394 0)
(0.04679490322 -0.00110784394 0)
(0.06013182782 -0.00110784394 0)
(0.07585297623 -0.00110784394 0)
(0.09438457287 -0.00110784394 0)
(0.1162290377 -0.00110784394 0)
(0.1419786078 -0.00110784394 0)
(0.1723313933 -0.00110784394 0)
(0.2081103049 -0.00110784394 0)
(0.2502853636 -0.00110784394 0)
(0.3 -0.00110784394 0)
(0.36 -0.00110784394 0)
(0.42 -0.00110784394 0)
(0.48 -0.00110784394 0)
(0.54 -0.00110784394 0)
(0.6 -0.00110784394 0)
(0.00497146364 -0.0003512020532 0)
(0.01083166905 -0.0003512020532 0)
(0.01773949538 -0.0003512020532 0)
(0.02588222439 -0.0003512020532 0)
(0.03548061795 -0.0003512020532 0)
(0.04679490322 -0.0003512020532 0)
(0.06013182782 -0.0003512020532 0)
(0.07585297623 -0.0003512020532 0)
(0.09438457287 -0.0003512020532 0)
(0.1162290377 -0.0003512020532 0)
(0.1419786078 -0.0003512020532 0)
(0.1723313933 -0.0003512020532 0)
(0.2081103049 -0.0003512020532 0)
(0.2502853636 -0.0003512020532 0)
(0.3 -0.0003512020532 0)
(0.36 -0.0003512020532 0)
(0.42 -0.0003512020532 0)
(0.48 -0.0003512020532 0)
(0.54 -0.0003512020532 0)
(0.6 -0.0003512020532 0)
(0.00497146364 0 0)
(0.01083166905 0 0)
(0.01773949538 0 0)
(0.02588222439 0 0)
(0.03548061795 0 0)
(0.04679490322 0 0)
(0.06013182782 0 0)
(0.07585297623 0 0)
(0.09438457287 0 0)
(0.1162290377 0 0)
(0.1419786078 0 0)
(0.1723313933 0 0)
(0.2081103049 0 0)
(0.2502853636 0 0)
(0.3 0 0)
(0.36 0 0)
(0.42 0 0)
(0.48 0 0)
(0.54 0 0)
(0.6 0 0)
(0.00497146364 0.0003512020532 -0.025)
(0.01083166905 0.0003512020532 -0.025)
(0.01773949538 0.0003512020532 -0.025)
(0.02588222439 0.0003512020532 -0.025)
(0.03548061795 0.0003512020532 -0.025)
(0.04679490322 0.0003512020532 -0.025)
(0.06013182782 0.0003512020532 -0.025)
(0.07585297623 0.0003512020532 -0.025)
(0.09438457287 0.0003512020532 -0.025)
(0.1162290377 0.0003512020532 -0.025)
(0.1419786078 0.0003512020532 -0.025)
(0.1723313933 0.0003512020532 -0.025)
(0.2081103049 0.0003512020532 -0.025)
(0.2502853636 0.0003512020532 -0.025)
(0.3 0.0003512020532 -0.025)
(0.36 0.0003512020532 -0.025)
(0.42 0.0003512020532 -0.025)
(0.48 0.0003512020532 -0.025)
(0.54 0.0003512020532 -0.025)
(0.6 0.0003512020532 -0.025)
(0.00497146364 0.00110784394 -0.025)
(0.01083166905 0.00110784394 -0.025)
(0.01773949538 0.00110784394 -0.025)
(0.02588222439 0.00110784394 -0.025)
(0.03548061795 0.00110784394 -0.025)
(0.04679490322 0.00110784394 -0.025)
(0.06013182782 0.00110784394 -0.025)
(0.07585297623 0.00110784394 -0.025)
(0.09438457287 0.00110784394 -0.025)
(0.1162290377 0.00110784394 -0.025)
(0.1419786078 0.00110784394 -0.025)
(0.1723313933 0.00110784394 -0.025)
(0.2081103049 0.00110784394 -0.025)
(0.2502853636 0.00110784394 -0.025)
(0.3 0.00110784394 -0.025)
(0.36 0.00110784394 -0.025)
(0.42 0.00110784394 -0.025)
(0.48 0.00110784394 -0.025)
(0.54 0.00110784394 -0.025)
(0.6 0.00110784394 -0.025)
(0.00497146364 0.002737979468 -0.025)
(0.01083166905 0.002737979468 -0.025)
(0.01773949538 0.002737979468 -0.025)
(0.02588222439 0.002737979468 -0.025)
(0.03548061795 0.002737979468 -0.025)
(0.04679490322 0.002737979468 -0.025)
(0.06013182782 0.002737979468 -0.025)
(0.07585297623 0.002737979468 -0.025)
(0.09438457287 0.002737979468 -0.025)
(0.1162290377 0.002737979468 -0.025)
(0.1419786078 0.002737979468 -0.025)
(0.1723313933 0.002737979468 -0.025)
(0.2081103049 0.002737979468 -0.025)
(0.2502853636 0.002737979468 -0.025)
(0.3 0.002737979468 -0.025)
(0.36 0.002737979468 -0.025)
(0.42 0.002737979468 -0.025)
(0.48 0.002737979468 -0.025)
(0.54 0.002737979468 -0.025)
(0.6 0.002737979468 -0.025)
(0.00497146364 0.00625 -0.025)
(0.01083166905 0.00625 -0.025)
(0.01773949538 0.00625 -0.025)
(0.02588222439 0.00625 -0.025)
(0.03548061795 0.00625 -0.025)
(0.04679490322 0.00625 -0.025)
(0.06013182782 0.00625 -0.025)
(0.07585297623 0.00625 -0.025)
(0.09438457287 0.00625 -0.025)
(0.1162290377 0.00625 -0.025)
(0.1419786078 0.00625 -0.025)
(0.1723313933 0.00625 -0.025)
(0.2081103049 0.00625 -0.025)
(0.2502853636 0.00625 -0.025)
(0.3 0.00625 -0.025)
(0.36 0.00625 -0.025)
(0.42 0.00625 -0.025)
(0.48 0.00625 -0.025)
(0.54 0.00625 -0.025)
(0.6 0.00625 -0.025)
(0.00497146364 0.009375 -0.025)
(0.01083166905 0.009375 -0.025)
(0.01773949538 0.009375 -0.025)
(0.02588222439 0.009375 -0.025)
(0.03548061795 0.009375 -0.025)
(0.04679490322 0.009375 -0.025)
(0.06013182782 0.009375 -0.025)
(0.07585297623 0.009375 -0.025)
(0.09438457287 0.009375 -0.025)
(0.1162290377 0.009375 -0.025)
(0.1419786078 0.009375 -0.025)
(0.1723313933 0.009375 -0.025)
(0.2081103049 0.009375 -0.025)
(0.2502853636 0.009375 -0.025)
(0.3 0.009375 -0.025)
(0.36 0.009375 -0.025)
(0.42 0.009375 -0.025)
(0.48 0.009375 -0.025)
(0.54 0.009375 -0.025)
(0.6 0.009375 -0.025)
(0.00497146364 0.0125 -0.025)
(0.01083166905 0.0125 -0.025)
(0.01773949538 0.0125 -0.025)
(0.02588222439 0.0125 -0.025)
(0.03548061795 0.0125 -0.025)
(0.04679490322 0.0125 -0.025)
(0.06013182782 0.0125 -0.025)
(0.07585297623 0.0125 -0.025)
(0.09438457287 0.0125 -0.025)
(0.1162290377 0.0125 -0.025)
(0.1419786078 0.0125 -0.025)
(0.1723313933 0.0125 -0.025)
(0.2081103049 0.0125 -0.025)
(0.2502853636 0.0125 -0.025)
(0.3 0.0125 -0.025)
(0.36 0.0125 -0.025)
(0.42 0.0125 -0.025)
(0.48 0.0125 -0.025)
(0.54 0.0125 -0.025)
(0.6 0.0125 -0.025)
(0.00497146364 0.015625 -0.025)
(0.01083166905 0.015625 -0.025)
(0.01773949538 0.015625 -0.025)
(0.02588222439 0.015625 -0.025)
(0.03548061795 0.015625 -0.025)
(0.04679490322 0.015625 -0.025)
(0.06013182782 0.015625 -0.025)
(0.07585297623 0.015625 -0.025)
(0.09438457287 0.015625 -0.025)
(0.1162290377 0.015625 -0.025)
(0.1419786078 0.015625 -0.025)
(0.1723313933 0.015625 -0.025)
(0.2081103049 0.015625 -0.025)
(0.2502853636 0.015625 -0.025)
(0.3 0.015625 -0.025)
(0.36 0.015625 -0.025)
(0.42 0.015625 -0.025)
(0.48 0.015625 -0.025)
(0.54 0.015625 -0.025)
(0.6 0.015625 -0.025)
(0.00497146364 0.01875 -0.025)
(0.01083166905 0.01875 -0.025)
(0.01773949538 0.01875 -0.025)
(0.02588222439 0.01875 -0.025)
(0.03548061795 0.01875 -0.025)
(0.04679490322 0.01875 -0.025)
(0.06013182782 0.01875 -0.025)
(0.07585297623 0.01875 -0.025)
(0.09438457287 0.01875 -0.025)
(0.1162290377 0.01875 -0.025)
(0.1419786078 0.01875 -0.025)
(0.1723313933 0.01875 -0.025)
(0.2081103049 0.01875 -0.025)
(0.2502853636 0.01875 -0.025)
(0.3 0.01875 -0.025)
(0.36 0.01875 -0.025)
(0.42 0.01875 -0.025)
(0.48 0.01875 -0.025)
(0.54 0.01875 -0.025)
(0.6 0.01875 -0.025)
(0.00497146364 0.021875 -0.025)
(0.01083166905 0.021875 -0.025)
(0.01773949538 0.021875 -0.025)
(0.02588222439 0.021875 -0.025)
(0.03548061795 0.021875 -0.025)
(0.04679490322 0.021875 -0.025)
(0.06013182782 0.021875 -0.025)
(0.07585297623 0.021875 -0.025)
(0.09438457287 0.021875 -0.025)
(0.1162290377 0.021875 -0.025)
(0.1419786078 0.021875 -0.025)
(0.1723313933 0.021875 -0.025)
(0.2081103049 0.021875 -0.025)
(0.2502853636 0.021875 -0.025)
(0.3 0.021875 -0.025)
(0.36 0.021875 -0.025)
(0.42 0.021875 -0.025)
(0.48 0.021875 -0.025)
(0.54 0.021875 -0.025)
(0.6 0.021875 -0.025)
(0.00497146364 0.025 -0.025)
(0.01083166905 0.025 -0.025)
(0.01773949538 0.025 -0.025)
(0.02588222439 0.025 -0.025)
(0.03548061795 0.025 -0.025)
(0.04679490322 0.025 -0.025)
(0.06013182782 0.025 -0.025)
(0.07585297623 0.025 -0.025)
(0.09438457287 0.025 -0.025)
(0.1162290377 0.025 -0.025)
(0.1419786078 0.025 -0.025)
(0.1723313933 0.025 -0.025)
(0.2081103049 0.025 -0.025)
(0.2502853636 0.025 -0.025)
(0.3 0.025 -0.025)
(0.36 0.025 -0.025)
(0.42 0.025 -0.025)
(0.48 0.025 -0.025)
(0.54 0.025 -0.025)
(0.6 0.025 -0.025)
(0.00497146364 0.0003512020532 0)
(0.01083166905 0.0003512020532 0)
(0.01773949538 0.0003512020532 0)
(0.02588222439 0.0003512020532 0)
(0.03548061795 0.0003512020532 0)
(0.04679490322 0.0003512020532 0)
(0.06013182782 0.0003512020532 0)
(0.07585297623 0.0003512020532 0)
(0.09438457287 0.0003512020532 0)
(0.1162290377 0.0003512020532 0)
(0.1419786078 0.0003512020532 0)
(0.1723313933 0.0003512020532 0)
(0.2081103049 0.0003512020532 0)
(0.2502853636 0.0003512020532 0)
(0.3 0.0003512020532 0)
(0.36 0.0003512020532 0)
(0.42 0.0003512020532 0)
(0.48 0.0003512020532 0)
(0.54 0.0003512020532 0)
(0.6 0.0003512020532 0)
(0.00497146364 0.00110784394 0)
(0.01083166905 0.00110784394 0)
(0.01773949538 0.00110784394 0)
(0.02588222439 0.00110784394 0)
(0.03548061795 0.00110784394 0)
(0.04679490322 0.00110784394 0)
(0.06013182782 0.00110784394 0)
(0.07585297623 0.00110784394 0)
(0.09438457287 0.00110784394 0)
(0.1162290377 0.00110784394 0)
(0.1419786078 0.00110784394 0)
(0.1723313933 0.00110784394 0)
(0.2081103049 0.00110784394 0)
(0.2502853636 0.00110784394 0)
(0.3 0.00110784394 0)
(0.36 0.00110784394 0)
(0.42 0.00110784394 0)
(0.48 0.00110784394 0)
(0.54 0.00110784394 0)
(0.6 0.00110784394 0)
(0.00497146364 0.002737979468 0)
(0.01083166905 0.002737979468 0)
(0.01773949538 0.002737979468 0)
(0.02588222439 0.002737979468 0)
(0.03548061795 0.002737979468 0)
(0.04679490322 0.002737979468 0)
(0.06013182782 0.002737979468 0)
(0.07585297623 0.002737979468 0)
(0.09438457287 0.002737979468 0)
(0.1162290377 0.002737979468 0)
(0.1419786078 0.002737979468 0)
(0.1723313933 0.002737979468 0)
(0.2081103049 0.002737979468 0)
(0.2502853636 0.002737979468 0)
(0.3 0.002737979468 0)
(0.36 0.002737979468 0)
(0.42 0.002737979468 0)
(0.48 0.002737979468 0)
(0.54 0.002737979468 0)
(0.6 0.002737979468 0)
(0.00497146364 0.00625 0)
(0.01083166905 0.00625 0)
(0.01773949538 0.00625 0)
(0.02588222439 0.00625 0)
(0.03548061795 0.00625 0)
(0.04679490322 0.00625 0)
(0.06013182782 0.00625 0)
(0.07585297623 0.00625 0)
(0.09438457287 0.00625 0)
(0.1162290377 0.00625 0)
(0.1419786078 0.00625 0)
(0.1723313933 0.00625 0)
(0.2081103049 0.00625 0)
(0.2502853636 0.00625 0)
(0.3 0.00625 0)
(0.36 0.00625 0)
(0.42 0.00625 0)
(0.48 0.00625 0)
(0.54 0.00625 0)
(0.6 0.00625 0)
(0.00497146364 0.009375 0)
(0.01083166905 0.009375 0)
(0.01773949538 0.009375 0)
(0.02588222439 0.009375 0)
(0.03548061795 0.009375 0)
(0.04679490322 0.009375 0)
(0.06013182782 0.009375 0)
(0.07585297623 0.009375 0)
(0.09438457287 0.009375 0)
(0.1162290377 0.009375 0)
(0.1419786078 0.009375 0)
(0.1723313933 0.009375 0)
(0.2081103049 0.009375 0)
(0.2502853636 0.009375 0)
(0.3 0.009375 0)
(0.36 0.009375 0)
(0.42 0.009375 0)
(0.48 0.009375 0)
(0.54 0.009375 0)
(0.6 0.009375 0)
(0.00497146364 0.0125 0)
(0.01083166905 0.0125 0)
(0.01773949538 0.0125 0)
(0.02588222439 0.0125 0)
(0.03548061795 0.0125 0)
(0.04679490322 0.0125 0)
(0.06013182782 0.0125 0)
(0.07585297623 0.0125 0)
(0.09438457287 0.0125 0)
(0.1162290377 0.0125 0)
(0.1419786078 0.0125 0)
(0.1723313933 0.0125 0)
(0.2081103049 0.0125 0)
(0.2502853636 0.0125 0)
(0.3 0.0125 0)
(0.36 0.0125 0)
(0.42 0.0125 0)
(0.48 0.0125 0)
(0.54 0.0125 0)
(0.6 0.0125 0)
(0.00497146364 0.015625 0)
(0.01083166905 0.015625 0)
(0.01773949538 0.015625 0)
(0.02588222439 0.015625 0)
(0.03548061795 0.015625 0)
(0.04679490322 0.015625 0)
(0.06013182782 0.015625 0)
(0.07585297623 0.015625 0)
(0.09438457287 0.015625 0)
(0.1162290377 0.015625 0)
(0.1419786078 0.015625 0)
(0.1723313933 0.015625 0)
(0.2081103049 0.015625 0)
(0.2502853636 0.015625 0)
(0.3 0.015625 0)
(0.36 0.015625 0)
(0.42 0.015625 0)
(0.48 0.015625 0)
(0.54 0.015625 0)
(0.6 0.015625 0)
(0.00497146364 0.01875 0)
(0.01083166905 0.01875 0)
(0.01773949538 0.01875 0)
(0.02588222439 0.01875 0)
(0.03548061795 0.01875 0)
(0.04679490322 0.01875 0)
(0.06013182782 0.01875 0)
(0.07585297623 0.01875 0)
(0.09438457287 0.01875 0)
(0.1162290377 0.01875 0)
(0.1419786078 0.01875 0)
(0.1723313933 0.01875 0)
(0.2081103049 0.01875 0)
(0.2502853636 0.01875 0)
(0.3 0.01875 0)
(0.36 0.01875 0)
(0.42 0.01875 0)
(0.48 0.01875 0)
(0.54 0.01875 0)
(0.6 0.01875 0)
(0.00497146364 0.021875 0)
(0.01083166905 0.021875 0)
(0.01773949538 0.021875 0)
(0.02588222439 0.021875 0)
(0.03548061795 0.021875 0)
(0.04679490322 0.021875 0)
(0.06013182782 0.021875 0)
(0.07585297623 0.021875 0)
(0.09438457287 0.021875 0)
(0.1162290377 0.021875 0)
(0.1419786078 0.021875 0)
(0.1723313933 0.021875 0)
(0.2081103049 0.021875 0)
(0.2502853636 0.021875 0)
(0.3 0.021875 0)
(0.36 0.021875 0)
(0.42 0.021875 0)
(0.48 0.021875 0)
(0.54 0.021875 0)
(0.6 0.021875 0)
(0.00497146364 0.025 0)
(0.01083166905 0.025 0)
(0.01773949538 0.025 0)
(0.02588222439 0.025 0)
(0.03548061795 0.025 0)
(0.04679490322 0.025 0)
(0.06013182782 0.025 0)
(0.07585297623 0.025 0)
(0.09438457287 0.025 0)
(0.1162290377 0.025 0)
(0.1419786078 0.025 0)
(0.1723313933 0.025 0)
(0.2081103049 0.025 0)
(0.2502853636 0.025 0)
(0.3 0.025 0)
(0.36 0.025 0)
(0.42 0.025 0)
(0.48 0.025 0)
(0.54 0.025 0)
(0.6 0.025 0)
)


// ************************************************************************* //
